2000 2000
1 0 2 799
10 0 2 754
100 0 4 1773
1000 0 3 809
1001 1 1 529
1002 1 1 1383
1003 1 1 754
1004 1 1 1318
1005 1 2 858
1006 1 1 781
1007 1 3 668
1008 1 2 1170
1009 1 3 561
101 0 2 669
1010 1 3 774
1011 1 1 765
1012 1 2 1527
1013 1 3 524
1014 1 2 669
1015 1 1 1140
1016 1 4 1363
1017 1 1 1203
1018 1 1 842
1019 1 1 734
102 0 1 575
1020 1 1 816
1021 1 3 981
1022 1 1 1422
1023 1 1 516
1024 1 2 1245
1025 1 2 1067
1026 1 4 1160
1027 1 2 650
1028 1 2 944
1029 1 1 2499
103 0 1 309
1030 1 1 1004
1031 1 2 728
1032 1 2 1376
1033 1 1 879
1034 1 3 1037
1035 1 1 839
1036 1 1 537
1037 1 1 629
1038 1 2 1115
1039 1 3 1799
104 0 1 1684
1040 1 1 1005
1041 1 3 1244
1042 1 1 1323
1043 1 2 993
1044 1 1 1383
1045 1 1 1172
1046 1 1 968
1047 1 2 932
1048 1 1 776
1049 1 1 597
105 0 1 466
1050 1 1 764
1051 1 1 556
1052 1 4 908
1053 1 1 753
1054 1 1 497
1055 1 1 1190
1056 1 2 665
1057 1 2 555
1058 1 1 702
1059 1 1 1121
106 0 1 1370
1060 1 1 1003
1061 1 2 1204
1062 1 1 1082
1063 1 2 698
1064 1 1 1380
1065 1 1 1487
1066 1 2 755
1067 1 1 1177
1068 1 3 1457
1069 1 1 601
107 0 1 420
1070 1 1 664
1071 1 3 1348
1072 1 2 844
1073 1 1 564
1074 1 1 1375
1075 1 1 839
1076 1 2 1175
1077 1 1 558
1078 1 1 604
1079 1 1 1342
108 0 1 614
1080 1 1 518
1081 1 1 1128
1082 1 1 970
1083 1 2 740
1084 1 3 822
1085 1 1 672
1086 1 2 1184
1087 1 2 1048
1088 1 1 809
1089 1 1 556
109 0 2 597
1090 1 1 564
1091 1 1 1210
1092 1 1 1505
1093 1 2 1359
1094 1 2 1243
1095 1 1 772
1096 1 2 1199
1097 1 1 657
1098 1 1 1253
1099 1 1 565
11 0 2 555
110 0 2 1181
1100 1 2 713
1101 1 1 2499
1102 1 1 991
1103 1 1 544
1104 1 2 2499
1105 1 4 851
1106 1 1 811
1107 1 1 988
1108 1 3 1213
1109 1 2 930
111 0 1 798
1110 1 2 903
1111 1 2 1159
1112 1 1 669
1113 1 1 924
1114 1 2 1474
1115 1 2 1113
1116 1 2 884
1117 1 1 890
1118 1 3 1078
1119 1 1 1154
112 0 1 696
1120 1 4 872
1121 1 1 568
1122 1 2 1448
1123 1 2 546
1124 1 1 744
1125 1 1 978
1126 1 2 759
1127 1 2 669
1128 1 2 890
1129 1 1 978
113 0 1 805
1130 1 2 930
1131 1 2 673
1132 1 1 856
1133 1 1 1175
1134 1 2 994
1135 1 1 1799
1136 1 1 779
1137 1 3 681
1138 1 2 744
1139 1 1 550
114 0 2 2488
1140 1 1 907
1141 1 1 1386
1142 1 1 647
1143 1 3 1192
1144 1 2 1174
1145 1 3 963
1146 1 1 737
1147 1 2 981
1148 1 2 785
1149 1 3 558
115 0 1 1399
1150 1 2 856
1151 1 3 1178
1152 1 1 1042
1153 1 3 1463
1154 1 1 1022
1155 1 3 535
1156 1 1 1523
1157 1 2 558
1158 1 1 691
1159 1 2 835
116 0 1 343
1160 1 2 841
1161 1 1 1489
1162 1 1 1458
1163 1 1 1070
1164 1 3 791
1165 1 1 654
1166 1 2 588
1167 1 2 1486
1168 1 2 909
1169 1 3 1356
117 0 1 456
1170 1 2 1052
1171 1 1 845
1172 1 1 662
1173 1 1 858
1174 1 2 1425
1175 1 1 1365
1176 1 2 612
1177 1 1 943
1178 1 4 1224
1179 1 2 996
118 0 1 496
1180 1 1 769
1181 1 1 957
1182 1 1 1332
1183 1 2 749
1184 1 1 1419
1185 1 1 919
1186 1 1 854
1187 1 3 667
1188 1 1 811
1189 1 2 535
119 0 3 1550
1190 1 1 1441
1191 1 2 1072
1192 1 2 750
1193 1 2 919
1194 1 1 1202
1195 1 1 1008
1196 1 1 546
1197 1 3 1522
1198 1 2 1469
1199 1 2 1189
12 0 1 451
120 0 1 1776
1200 1 1 1099
1201 1 1 515
1202 1 1 1242
1203 1 2 1374
1204 1 1 850
1205 1 2 720
1206 1 1 883
1207 1 3 1470
1208 1 1 804
1209 1 1 583
121 0 3 998
1210 1 2 1466
1211 1 1 1165
1212 1 1 1129
1213 1 1 934
1214 1 2 688
1215 1 1 736
1216 1 1 809
1217 1 2 948
1218 1 1 743
1219 1 1 999
122 0 2 494
1220 1 1 1437
1221 1 2 1155
1222 1 4 1346
1223 1 1 1129
1224 1 3 929
1225 1 1 1003
1226 1 1 554
1227 1 2 677
1228 1 3 642
1229 1 1 1170
123 0 1 2489
1230 1 1 1132
1231 1 1 904
1232 1 2 1085
1233 1 1 1451
1234 1 3 972
1235 1 1 759
1236 1 2 795
1237 1 2 1374
1238 1 1 897
1239 1 2 1154
124 0 2 2402
1240 1 2 1168
1241 1 4 1150
1242 1 3 687
1243 1 1 1158
1244 1 1 764
1245 1 1 953
1246 1 1 537
1247 1 1 1388
1248 1 4 676
1249 1 1 845
125 0 1 751
1250 1 1 1518
1251 1 1 1339
1252 1 2 908
1253 1 2 1165
1254 1 1 1021
1255 1 1 520
1256 1 2 1144
1257 1 2 1114
1258 1 2 593
1259 1 5 1099
126 0 2 568
1260 1 1 1248
1261 1 2 684
1262 1 4 1344
1263 1 2 777
1264 1 1 851
1265 1 1 861
1266 1 3 934
1267 1 1 769
1268 1 3 748
1269 1 1 510
127 0 2 763
1270 1 2 971
1271 1 3 929
1272 1 3 788
1273 1 1 940
1274 1 1 651
1275 1 2 1261
1276 1 1 512
1277 1 3 1196
1278 1 1 946
1279 1 1 1279
128 0 1 1910
1280 1 2 1485
1281 1 1 1460
1282 1 1 1162
1283 1 3 738
1284 1 1 498
1285 1 1 798
1286 1 1 723
1287 1 2 765
1288 1 1 943
1289 1 2 519
129 0 4 2279
1290 1 1 1084
1291 1 1 964
1292 1 2 827
1293 1 2 997
1294 1 2 1492
1295 1 1 703
1296 1 1 712
1297 1 2 594
1298 1 1 1163
1299 1 3 732
13 0 2 781
130 0 1 650
1300 1 3 1164
1301 1 1 1051
1302 1 1 1522
1303 1 1 662
1304 1 2 754
1305 1 1 508
1306 1 1 801
1307 1 1 1496
1308 1 3 874
1309 1 1 541
131 0 1 815
1310 1 1 889
1311 1 2 1214
1312 1 1 1197
1313 1 1 1171
1314 1 3 872
1315 1 1 951
1316 1 1 719
1317 1 3 1165
1318 1 1 1012
1319 1 1 1102
132 0 2 1111
1320 1 1 796
1321 1 1 978
1322 1 1 981
1323 1 1 1153
1324 1 1 773
1325 1 2 1269
1326 1 1 1462
1327 1 1 878
1328 1 2 670
1329 1 1 986
133 0 1 1145
1330 1 1 945
1331 1 1 768
1332 1 2 1165
1333 1 1 818
1334 1 2 1481
1335 1 1 685
1336 1 1 536
1337 1 2 676
1338 1 1 712
1339 1 2 680
134 0 1 474
1340 1 2 1022
1341 1 1 899
1342 1 1 975
1343 1 1 1415
1344 1 1 837
1345 1 1 942
1346 1 2 815
1347 1 1 845
1348 1 1 1391
1349 1 3 527
135 0 1 665
1350 1 3 765
1351 1 1 1466
1352 1 1 951
1353 1 1 1049
1354 1 1 618
1355 1 1 2499
1356 1 1 816
1357 1 2 1327
1358 1 1 965
1359 1 1 1517
136 0 2 2485
1360 1 1 1152
1361 1 2 880
1362 1 1 1158
1363 1 1 958
1364 1 3 1134
1365 1 1 1133
1366 1 1 1029
1367 1 1 989
1368 1 1 1372
1369 1 4 742
137 0 1 674
1370 1 1 655
1371 1 1 570
1372 1 1 776
1373 1 1 954
1374 1 3 720
1375 1 2 760
1376 1 1 923
1377 1 1 1389
1378 1 2 1385
1379 1 2 646
138 0 1 630
1380 1 1 1028
1381 1 1 592
1382 1 2 526
1383 1 2 1011
1384 1 2 561
1385 1 1 715
1386 1 2 1091
1387 1 2 1374
1388 1 1 1392
1389 1 3 1264
139 0 1 774
1390 1 3 554
1391 1 4 1475
1392 1 1 950
1393 1 2 867
1394 1 1 855
1395 1 1 1015
1396 1 3 651
1397 1 1 1066
1398 1 1 919
1399 1 1 563
14 0 1 479
140 0 4 501
1400 1 2 1000
1401 1 1 1454
1402 1 2 809
1403 1 1 1467
1404 1 1 895
1405 1 1 1184
1406 1 1 572
1407 1 1 976
1408 1 2 906
1409 1 2 659
141 0 2 1051
1410 1 2 1263
1411 1 3 1233
1412 1 2 1003
1413 1 1 559
1414 1 1 1388
1415 1 1 743
1416 1 1 972
1417 1 1 836
1418 1 3 769
1419 1 1 949
142 0 3 1250
1420 1 1 1004
1421 1 1 1159
1422 1 1 1378
1423 1 1 1516
1424 1 1 948
1425 1 2 1042
1426 1 1 611
1427 1 1 897
1428 1 3 821
1429 1 2 727
143 0 1 477
1430 1 1 1159
1431 1 1 895
1432 1 3 668
1433 1 1 993
1434 1 1 634
1435 1 3 932
1436 1 2 666
1437 1 1 1338
1438 1 2 589
1439 1 2 809
144 0 2 1777
1440 1 1 964
1441 1 1 851
1442 1 1 871
1443 1 2 1354
1444 1 1 549
1445 1 1 1151
1446 1 4 1053
1447 1 3 761
1448 1 1 1445
1449 1 2 970
145 0 1 249
1450 1 1 663
1451 1 2 804
1452 1 1 1194
1453 1 1 562
1454 1 2 954
1455 1 2 2499
1456 1 2 754
1457 1 2 1506
1458 1 1 765
1459 1 1 968
146 0 1 956
1460 1 2 708
1461 1 1 1143
1462 1 1 561
1463 1 1 1535
1464 1 3 812
1465 1 1 1037
1466 1 1 693
1467 1 1 1506
1468 1 1 633
1469 1 3 907
147 0 2 838
1470 1 1 959
1471 1 2 567
1472 1 1 659
1473 1 2 1000
1474 1 2 833
1475 1 1 839
1476 1 1 1203
1477 1 2 1243
1478 1 1 979
1479 1 1 938
148 0 1 1021
1480 1 3 570
1481 1 1 1459
1482 1 1 1799
1483 1 3 638
1484 1 3 554
1485 1 1 1244
1486 1 1 1200
1487 1 1 901
1488 1 1 986
1489 1 1 1382
149 0 2 976
1490 1 2 1480
1491 1 1 1448
1492 1 1 1099
1493 1 1 1179
1494 1 1 1205
1495 1 1 1197
1496 1 2 858
1497 1 1 1071
1498 1 1 723
1499 1 3 929
15 0 1 355
150 0 2 345
1500 1 2 690
1501 1 3 888
1502 1 4 946
1503 1 1 1448
1504 1 1 670
1505 1 1 763
1506 1 2 520
1507 1 2 950
1508 1 2 1356
1509 1 1 673
151 0 1 1051
1510 1 1 1172
1511 1 1 682
1512 1 1 1227
1513 1 1 781
1514 1 4 739
1515 1 1 1136
1516 1 1 586
1517 1 1 959
1518 1 1 1192
1519 1 1 1231
152 0 4 1609
1520 1 1 753
1521 1 1 1241
1522 1 1 1026
1523 1 1 1493
1524 1 1 715
1525 1 1 1208
1526 1 1 1197
1527 1 1 974
1528 1 1 844
1529 1 2 1207
153 0 2 1846
1530 1 1 1168
1531 1 1 843
1532 1 1 739
1533 1 1 536
1534 1 2 1059
1535 1 1 552
1536 1 1 959
1537 1 1 681
1538 1 1 934
1539 1 3 1451
154 0 2 1775
1540 1 1 984
1541 1 3 726
1542 1 2 550
1543 1 2 997
1544 1 1 1156
1545 1 2 1325
1546 1 2 1209
1547 1 1 1049
1548 1 1 1271
1549 1 1 1098
155 0 1 481
1550 1 1 1143
1551 1 2 553
1552 1 4 958
1553 1 1 1196
1554 1 1 1114
1555 1 2 1034
1556 1 1 1206
1557 1 1 767
1558 1 3 975
1559 1 1 1483
156 0 1 335
1560 1 1 1105
1561 1 3 553
1562 1 2 798
1563 1 1 545
1564 1 2 1078
1565 1 1 1384
1566 1 1 911
1567 1 1 1478
1568 1 1 800
1569 1 2 554
157 0 1 1279
1570 1 1 1174
1571 1 1 1090
1572 1 1 823
1573 1 1 1001
1574 1 1 970
1575 1 4 1189
1576 1 1 651
1577 1 3 693
1578 1 2 1347
1579 1 2 1331
158 0 1 1455
1580 1 1 757
1581 1 4 920
1582 1 1 1371
1583 1 1 771
1584 1 3 1149
1585 1 1 1071
1586 1 1 653
1587 1 1 1225
1588 1 1 574
1589 1 1 1149
159 0 1 469
1590 1 1 763
1591 1 1 1192
1592 1 2 1168
1593 1 2 942
1594 1 2 1064
1595 1 1 1157
1596 1 1 1193
1597 1 1 1443
1598 1 1 1214
1599 1 1 686
16 0 1 763
160 0 1 1164
1600 1 1 576
1601 1 1 729
1602 1 1 872
1603 1 1 1087
1604 1 1 510
1605 1 1 1192
1606 1 2 915
1607 1 2 1373
1608 1 2 1214
1609 1 1 1208
161 0 1 801
1610 1 1 842
1611 1 1 760
1612 1 1 1474
1613 1 1 1799
1614 1 1 1454
1615 1 2 895
1616 1 4 790
1617 1 1 844
1618 1 1 645
1619 1 1 1376
162 0 1 748
1620 1 1 561
1621 1 1 548
1622 1 1 920
1623 1 1 1268
1624 1 1 555
1625 1 1 1198
1626 1 1 846
1627 1 2 882
1628 1 3 517
1629 1 3 1172
163 0 1 267
1630 1 1 1366
1631 1 1 650
1632 1 1 866
1633 1 1 978
1634 1 1 798
1635 1 3 894
1636 1 1 1058
1637 1 2 997
1638 1 2 1174
1639 1 1 1157
164 0 2 1688
1640 1 1 1007
1641 1 1 969
1642 1 3 554
1643 1 2 1461
1644 1 4 1066
1645 1 1 719
1646 1 1 867
1647 1 4 1406
1648 1 2 892
1649 1 1 854
165 0 2 1103
1650 1 3 983
1651 1 2 616
1652 1 1 998
1653 1 3 833
1654 1 2 1505
1655 1 2 1197
1656 1 3 852
1657 1 2 636
1658 1 1 969
1659 1 1 1192
166 0 2 672
1660 1 3 877
1661 1 1 899
1662 1 1 1241
1663 1 1 749
1664 1 1 1040
1665 1 2 895
1666 1 1 723
1667 1 2 651
1668 1 1 1448
1669 1 3 1328
167 0 2 1362
1670 1 3 1153
1671 1 2 1050
1672 1 2 676
1673 1 1 680
1674 1 2 677
1675 1 1 567
1676 1 1 615
1677 1 1 654
1678 1 3 1165
1679 1 1 1151
168 0 1 1404
1680 1 1 746
1681 1 2 682
1682 1 2 537
1683 1 3 659
1684 1 3 922
1685 1 1 503
1686 1 1 785
1687 1 1 1003
1688 1 1 849
1689 1 1 1031
169 0 1 484
1690 1 1 1252
1691 1 1 728
1692 1 1 1455
1693 1 1 977
1694 1 3 559
1695 1 1 1226
1696 1 2 1107
1697 1 2 1114
1698 1 1 1479
1699 1 2 744
17 0 1 1313
170 0 1 1123
1700 1 1 980
1701 1 2 1158
1702 1 2 754
1703 1 2 798
1704 1 2 1111
1705 1 2 1078
1706 1 2 1413
1707 1 2 1250
1708 1 1 996
1709 1 1 1263
171 0 1 1021
1710 1 2 1137
1711 1 1 930
1712 1 2 960
1713 1 1 814
1714 1 2 898
1715 1 2 1007
1716 1 4 1166
1717 1 2 795
1718 1 1 652
1719 1 1 775
172 0 1 499
1720 1 1 1069
1721 1 2 971
1722 1 2 566
1723 1 1 1091
1724 1 1 1153
1725 1 1 880
1726 1 3 543
1727 1 1 1175
1728 1 1 1390
1729 1 1 913
173 0 1 456
1730 1 1 1052
1731 1 2 1167
1732 1 1 859
1733 1 1 550
1734 1 2 1269
1735 1 1 529
1736 1 2 1242
1737 1 1 748
1738 1 1 719
1739 1 1 929
174 0 2 860
1740 1 2 1487
1741 1 1 725
1742 1 1 970
1743 1 2 1500
1744 1 2 954
1745 1 1 1308
1746 1 1 651
1747 1 2 940
1748 1 1 886
1749 1 3 570
175 0 2 508
1750 1 2 929
1751 1 1 882
1752 1 1 576
1753 1 1 772
1754 1 1 1078
1755 1 2 860
1756 1 2 575
1757 1 1 818
1758 1 3 811
1759 1 2 1269
176 0 1 416
1760 1 1 815
1761 1 1 1068
1762 1 1 929
1763 1 1 1007
1764 1 2 800
1765 1 1 1470
1766 1 1 556
1767 1 1 1252
1768 1 1 1186
1769 1 3 1799
177 0 1 387
1770 1 1 727
1771 1 2 657
1772 1 2 1167
1773 1 2 744
1774 1 1 851
1775 1 1 1196
1776 1 1 1433
1777 1 1 1225
1778 1 1 723
1779 1 1 1032
178 0 2 774
1780 1 1 1168
1781 1 3 650
1782 1 1 1004
1783 1 2 1495
1784 1 2 828
1785 1 1 825
1786 1 1 1528
1787 1 1 888
1788 1 1 784
1789 1 1 948
179 0 1 557
1790 1 2 1325
1791 1 1 764
1792 1 2 784
1793 1 1 1225
1794 1 1 670
1795 1 1 1164
1796 1 1 907
1797 1 2 781
1798 1 1 963
1799 1 4 748
18 0 2 1786
180 0 2 906
1800 1 1 810
1801 1 1 733
1802 1 1 763
1803 1 2 764
1804 1 2 842
1805 1 1 1067
1806 1 1 829
1807 1 2 1055
1808 1 1 753
1809 1 1 975
181 0 2 504
1810 1 3 970
1811 1 1 1383
1812 1 2 1198
1813 1 1 870
1814 1 1 1079
1815 1 2 1181
1816 1 2 792
1817 1 1 1460
1818 1 3 1233
1819 1 2 719
182 0 4 1675
1820 1 1 871
1821 1 3 1052
1822 1 1 948
1823 1 1 683
1824 1 1 847
1825 1 1 1377
1826 1 1 633
1827 1 1 630
1828 1 1 897
1829 1 2 1243
183 0 1 2395
1830 1 1 933
1831 1 1 1219
1832 1 3 1387
1833 1 2 1036
1834 1 2 755
1835 1 1 653
1836 1 3 948
1837 1 3 656
1838 1 1 1191
1839 1 1 872
184 0 3 420
1840 1 1 747
1841 1 1 1402
1842 1 1 1101
1843 1 1 1460
1844 1 1 1327
1845 1 1 1156
1846 1 1 944
1847 1 1 1390
1848 1 1 1494
1849 1 2 870
185 0 1 1987
1850 1 2 1005
1851 1 1 1071
1852 1 1 1023
1853 1 1 882
1854 1 1 883
1855 1 1 730
1856 1 1 1180
1857 1 2 509
1858 1 1 1276
1859 1 2 536
186 0 2 676
1860 1 2 752
1861 1 2 641
1862 1 1 1407
1863 1 2 976
1864 1 3 1157
1865 1 1 1000
1866 1 2 722
1867 1 4 614
1868 1 2 749
1869 1 1 850
187 0 1 371
1870 1 2 1492
1871 1 3 740
1872 1 1 1336
1873 1 2 989
1874 1 1 860
1875 1 2 566
1876 1 2 945
1877 1 2 1240
1878 1 1 1182
1879 1 1 1206
188 0 3 462
1880 1 1 1069
1881 1 1 959
1882 1 1 479
1883 1 1 844
1884 1 1 1250
1885 1 1 868
1886 1 2 935
1887 1 1 1143
1888 1 1 656
1889 1 2 821
189 0 1 467
1890 1 1 869
1891 1 2 975
1892 1 1 960
1893 1 1 683
1894 1 2 1477
1895 1 1 675
1896 1 1 1156
1897 1 1 639
1898 1 3 1427
1899 1 3 769
19 0 1 405
190 0 1 449
1900 1 1 874
1901 1 1 666
1902 1 3 524
1903 1 3 1077
1904 1 1 1247
1905 1 1 543
1906 1 2 566
1907 1 3 874
1908 1 3 596
1909 1 1 730
191 0 1 1781
1910 1 1 601
1911 1 4 799
1912 1 1 768
1913 1 1 781
1914 1 4 1444
1915 1 1 993
1916 1 4 551
1917 1 1 973
1918 1 1 753
1919 1 3 1501
192 0 1 1344
1920 1 1 831
1921 1 2 998
1922 1 2 653
1923 1 5 749
1924 1 1 952
1925 1 2 1474
1926 1 1 549
1927 1 1 548
1928 1 2 1089
1929 1 1 923
193 0 1 633
1930 1 1 991
1931 1 2 636
1932 1 2 1005
1933 1 1 1042
1934 1 1 959
1935 1 1 652
1936 1 3 1532
1937 1 1 1477
1938 1 3 844
1939 1 2 1065
194 0 1 2499
1940 1 2 553
1941 1 3 1193
1942 1 1 846
1943 1 1 676
1944 1 3 1230
1945 1 2 1354
1946 1 2 550
1947 1 2 1262
1948 1 1 911
1949 1 2 884
195 0 1 770
1950 1 2 2499
1951 1 1 544
1952 1 1 1253
1953 1 1 751
1954 1 2 929
1955 1 1 1481
1956 1 1 525
1957 1 1 863
1958 1 1 711
1959 1 1 1377
196 0 3 658
1960 1 1 891
1961 1 1 1202
1962 1 3 870
1963 1 1 967
1964 1 1 1524
1965 1 1 972
1966 1 1 1019
1967 1 1 970
1968 1 1 1001
1969 1 1 1185
197 0 1 458
1970 1 1 716
1971 1 1 741
1972 1 1 643
1973 1 1 957
1974 1 2 809
1975 1 1 818
1976 1 3 532
1977 1 1 670
1978 1 3 586
1979 1 2 726
198 0 1 357
1980 1 1 1380
1981 1 1 818
1982 1 1 1120
1983 1 1 972
1984 1 2 674
1985 1 1 870
1986 1 1 1053
1987 1 1 800
1988 1 4 673
1989 1 1 872
199 0 2 945
1990 1 1 660
1991 1 1 1433
1992 1 1 1067
1993 1 1 983
1994 1 1 1485
1995 1 3 543
1996 1 3 712
1997 1 2 988
1998 1 2 1198
1999 1 1 765
2 0 4 562
20 0 1 747
200 0 2 373
2000 1 3 1517
201 0 1 1028
202 0 1 1562
203 0 1 676
204 0 1 895
205 0 1 2004
206 0 2 665
207 0 1 1350
208 0 2 688
209 0 1 598
21 0 2 2320
210 0 1 1069
211 0 3 1318
212 0 1 2410
213 0 1 507
214 0 2 1393
215 0 1 1498
216 0 1 331
217 0 1 1059
218 0 2 1362
219 0 1 1385
22 0 1 1460
220 0 2 597
221 0 1 991
222 0 2 2092
223 0 2 2068
224 0 2 331
225 0 1 882
226 0 1 768
227 0 1 1420
228 0 1 1471
229 0 2 368
23 0 1 890
230 0 1 677
231 0 2 1255
232 0 2 1794
233 0 1 558
234 0 3 676
235 0 1 756
236 0 1 459
237 0 1 591
238 0 3 2391
239 0 1 801
24 0 3 767
240 0 1 2082
241 0 1 908
242 0 1 1977
243 0 3 988
244 0 1 1995
245 0 2 1449
246 0 1 398
247 0 2 1565
248 0 2 1676
249 0 1 429
25 0 2 1885
250 0 2 1569
251 0 1 1301
252 0 1 684
253 0 1 267
254 0 2 1797
255 0 1 489
256 0 1 589
257 0 2 376
258 0 1 1913
259 0 1 1203
26 0 1 450
260 0 1 2079
261 0 1 1865
262 0 1 1155
263 0 1 1496
264 0 2 501
265 0 1 674
266 0 2 471
267 0 1 1677
268 0 1 1387
269 0 1 1796
27 0 1 652
270 0 1 2199
271 0 1 447
272 0 1 1177
273 0 2 441
274 0 2 1005
275 0 4 378
276 0 1 2168
277 0 1 498
278 0 1 2389
279 0 2 1904
28 0 1 883
280 0 3 673
281 0 1 1972
282 0 2 238
283 0 1 335
284 0 1 2139
285 0 2 375
286 0 2 1503
287 0 1 2094
288 0 3 532
289 0 1 1352
29 0 2 2145
290 0 1 969
291 0 1 2401
292 0 3 464
293 0 3 1329
294 0 1 1479
295 0 1 2480
296 0 1 488
297 0 1 869
298 0 1 438
299 0 3 1103
3 0 1 240
30 0 1 1894
300 0 2 583
301 0 1 1495
302 0 1 1905
303 0 1 316
304 0 1 821
305 0 2 1143
306 0 1 468
307 0 2 2410
308 0 4 822
309 0 1 515
31 0 1 1396
310 0 4 1150
311 0 4 2378
312 0 1 1808
313 0 1 320
314 0 1 1339
315 0 2 1515
316 0 2 494
317 0 2 790
318 0 1 1660
319 0 1 1703
32 0 1 2503
320 0 3 424
321 0 1 2344
322 0 1 1242
323 0 2 715
324 0 1 447
325 0 4 1865
326 0 3 639
327 0 1 1778
328 0 1 2373
329 0 1 1793
33 0 1 1483
330 0 1 577
331 0 3 567
332 0 2 1240
333 0 1 563
334 0 1 545
335 0 1 1079
336 0 1 482
337 0 3 822
338 0 1 541
339 0 1 1886
34 0 3 476
340 0 1 414
341 0 1 527
342 0 3 498
343 0 1 474
344 0 2 995
345 0 1 980
346 0 1 580
347 0 2 430
348 0 2 1146
349 0 1 323
35 0 1 496
350 0 1 783
351 0 2 2002
352 0 2 2113
353 0 1 668
354 0 1 2412
355 0 1 674
356 0 2 892
357 0 2 370
358 0 2 722
359 0 2 1791
36 0 2 1664
360 0 2 218
361 0 1 868
362 0 2 462
363 0 1 2000
364 0 2 469
365 0 1 481
366 0 1 544
367 0 3 2080
368 0 1 454
369 0 2 396
37 0 1 1523
370 0 2 406
371 0 3 1816
372 0 1 1392
373 0 1 483
374 0 1 1801
375 0 1 1457
376 0 1 256
377 0 1 2127
378 0 1 1993
379 0 1 533
38 0 1 2022
380 0 1 921
381 0 1 500
382 0 1 628
383 0 1 1983
384 0 3 452
385 0 2 865
386 0 3 457
387 0 1 1395
388 0 1 1988
389 0 1 1105
39 0 1 193
390 0 1 827
391 0 2 591
392 0 1 565
393 0 2 480
394 0 1 1766
395 0 3 2379
396 0 1 322
397 0 1 362
398 0 1 463
399 0 1 1554
4 0 2 1246
40 0 1 1000
400 0 1 1251
401 0 3 893
402 0 2 744
403 0 3 543
404 0 2 1244
405 0 3 1986
406 0 4 2386
407 0 3 734
408 0 1 665
409 0 2 435
41 0 1 1996
410 0 1 251
411 0 2 754
412 0 1 569
413 0 2 384
414 0 2 581
415 0 1 1166
416 0 2 261
417 0 1 674
418 0 2 240
419 0 2 1283
42 0 1 1127
420 0 1 877
421 0 1 1258
422 0 1 1001
423 0 1 747
424 0 3 799
425 0 2 1792
426 0 1 739
427 0 3 547
428 0 1 802
429 0 2 2408
43 0 1 475
430 0 1 377
431 0 2 604
432 0 1 1064
433 0 1 717
434 0 3 773
435 0 1 453
436 0 2 734
437 0 1 497
438 0 1 1164
439 0 2 1769
44 0 2 1514
440 0 3 1268
441 0 1 612
442 0 1 987
443 0 3 1027
444 0 3 1788
445 0 1 973
446 0 1 394
447 0 1 1677
448 0 1 962
449 0 2 533
45 0 3 753
450 0 3 503
451 0 3 1190
452 0 1 1599
453 0 1 865
454 0 1 1309
455 0 1 475
456 0 1 1154
457 0 2 360
458 0 1 358
459 0 1 338
46 0 1 973
460 0 3 2103
461 0 1 660
462 0 1 564
463 0 2 773
464 0 1 385
465 0 2 951
466 0 2 766
467 0 4 1267
468 0 2 1079
469 0 2 585
47 0 1 1025
470 0 2 490
471 0 2 788
472 0 1 2006
473 0 1 1400
474 0 2 1903
475 0 1 815
476 0 1 605
477 0 2 1363
478 0 1 2298
479 0 1 796
48 0 3 704
480 0 3 629
481 0 1 381
482 0 2 396
483 0 2 1685
484 0 3 1075
485 0 4 1691
486 0 1 533
487 0 1 538
488 0 1 748
489 0 1 1723
49 0 3 518
490 0 1 1810
491 0 1 1902
492 0 1 1727
493 0 1 1360
494 0 1 570
495 0 1 1006
496 0 1 1878
497 0 1 474
498 0 1 347
499 0 1 485
5 0 1 493
50 0 1 2292
500 0 2 861
501 0 1 562
502 0 2 2367
503 0 1 1264
504 0 3 789
505 0 1 793
506 0 1 968
507 0 1 301
508 0 2 1404
509 0 1 2288
51 0 3 1505
510 0 3 682
511 0 1 591
512 0 2 1131
513 0 1 1607
514 0 3 294
515 0 2 471
516 0 1 2096
517 0 2 488
518 0 1 1644
519 0 1 361
52 0 2 256
520 0 1 473
521 0 4 481
522 0 1 1316
523 0 2 374
524 0 1 1396
525 0 1 451
526 0 1 2397
527 0 1 467
528 0 3 1125
529 0 3 545
53 0 2 389
530 0 1 2487
531 0 1 354
532 0 1 1451
533 0 1 953
534 0 2 354
535 0 2 659
536 0 1 365
537 0 1 2401
538 0 1 1028
539 0 2 1869
54 0 1 945
540 0 2 998
541 0 2 317
542 0 1 351
543 0 1 449
544 0 1 2160
545 0 2 455
546 0 1 889
547 0 1 753
548 0 2 804
549 0 3 787
55 0 2 1238
550 0 3 892
551 0 2 1667
552 0 2 386
553 0 2 2508
554 0 1 988
555 0 1 742
556 0 2 715
557 0 3 671
558 0 3 827
559 0 1 462
56 0 2 980
560 0 2 1249
561 0 2 498
562 0 2 592
563 0 1 332
564 0 1 761
565 0 2 256
566 0 2 248
567 0 2 478
568 0 3 460
569 0 1 494
57 0 1 1432
570 0 1 1173
571 0 3 963
572 0 1 330
573 0 2 1171
574 0 2 547
575 0 1 2488
576 0 1 1492
577 0 2 1276
578 0 1 939
579 0 1 658
58 0 1 801
580 0 1 472
581 0 1 1226
582 0 1 2092
583 0 1 1058
584 0 1 1241
585 0 3 1370
586 0 2 723
587 0 1 537
588 0 1 2119
589 0 2 352
59 0 2 287
590 0 1 532
591 0 2 2237
592 0 2 473
593 0 3 1229
594 0 1 495
595 0 1 1077
596 0 2 568
597 0 1 2133
598 0 1 1555
599 0 2 444
6 0 1 374
60 0 1 717
600 0 2 675
601 0 3 1718
602 0 1 1705
603 0 2 694
604 0 1 1553
605 0 3 1585
606 0 1 615
607 0 3 1401
608 0 3 2409
609 0 2 167
61 0 2 755
610 0 2 476
611 0 2 529
612 0 2 849
613 0 1 672
614 0 1 535
615 0 1 978
616 0 1 276
617 0 1 472
618 0 1 356
619 0 4 598
62 0 3 590
620 0 1 1226
621 0 2 918
622 0 1 757
623 0 1 645
624 0 1 489
625 0 1 685
626 0 1 750
627 0 1 490
628 0 1 572
629 0 1 472
63 0 1 957
630 0 1 1254
631 0 1 377
632 0 2 2055
633 0 1 462
634 0 1 1175
635 0 1 764
636 0 1 728
637 0 1 452
638 0 2 2003
639 0 3 599
64 0 1 499
640 0 1 971
641 0 4 2111
642 0 1 374
643 0 2 1995
644 0 2 761
645 0 2 1500
646 0 2 701
647 0 2 840
648 0 2 2083
649 0 2 1794
65 0 1 480
650 0 1 2492
651 0 2 1246
652 0 3 317
653 0 2 477
654 0 3 323
655 0 1 1545
656 0 2 1811
657 0 2 457
658 0 1 1082
659 0 1 2389
66 0 2 1224
660 0 1 1693
661 0 2 541
662 0 1 480
663 0 1 393
664 0 1 584
665 0 1 808
666 0 2 2435
667 0 1 863
668 0 1 1691
669 0 3 1661
67 0 2 1282
670 0 2 2096
671 0 2 305
672 0 1 396
673 0 2 545
674 0 3 472
675 0 1 969
676 0 1 1138
677 0 3 1749
678 0 1 569
679 0 2 1241
68 0 1 663
680 0 1 1486
681 0 1 1276
682 0 1 464
683 0 1 1002
684 0 1 1786
685 0 2 647
686 0 1 1521
687 0 2 569
688 0 3 1207
689 0 2 482
69 0 1 486
690 0 1 1193
691 0 2 869
692 0 1 707
693 0 1 1995
694 0 2 467
695 0 2 365
696 0 2 908
697 0 2 572
698 0 1 1507
699 0 1 467
7 0 1 455
70 0 1 873
700 0 1 264
701 0 1 493
702 0 1 1383
703 0 1 465
704 0 1 1308
705 0 1 1987
706 0 1 1135
707 0 1 467
708 0 1 1102
709 0 1 555
71 0 1 2402
710 0 3 563
711 0 2 695
712 0 3 1394
713 0 1 575
714 0 1 489
715 0 1 352
716 0 2 1796
717 0 2 1065
718 0 1 520
719 0 2 1459
72 0 4 447
720 0 1 1563
721 0 2 2499
722 0 1 1278
723 0 1 347
724 0 2 286
725 0 1 2136
726 0 1 578
727 0 1 222
728 0 1 889
729 0 3 567
73 0 1 2285
730 0 1 669
731 0 2 1471
732 0 1 543
733 0 1 982
734 0 1 238
735 0 3 483
736 0 1 975
737 0 1 1721
738 0 2 2386
739 0 2 996
74 0 1 589
740 0 4 1891
741 0 3 651
742 0 1 515
743 0 1 423
744 0 2 493
745 0 1 509
746 0 1 692
747 0 2 1384
748 0 3 472
749 0 2 1299
75 0 2 1555
750 0 1 774
751 0 3 1034
752 0 1 846
753 0 2 575
754 0 3 2295
755 0 4 547
756 0 2 2272
757 0 3 1058
758 0 1 1125
759 0 3 1602
76 0 2 341
760 0 1 1874
761 0 1 704
762 0 1 2296
763 0 2 1010
764 0 3 498
765 0 1 473
766 0 2 2198
767 0 1 823
768 0 1 1491
769 0 1 997
77 0 2 1502
770 0 1 473
771 0 3 556
772 0 1 648
773 0 1 453
774 0 4 705
775 0 1 1127
776 0 3 1984
777 0 2 336
778 0 2 2086
779 0 2 1658
78 0 4 468
780 0 1 1741
781 0 1 991
782 0 1 852
783 0 2 1032
784 0 2 1033
785 0 2 1653
786 0 1 470
787 0 1 1696
788 0 1 1126
789 0 1 464
79 0 1 2496
790 0 1 996
791 0 1 1480
792 0 2 952
793 0 2 372
794 0 4 562
795 0 2 703
796 0 1 977
797 0 1 558
798 0 2 1648
799 0 2 2493
8 0 1 321
80 0 1 1172
800 0 1 373
801 0 2 409
802 0 1 519
803 0 2 534
804 0 1 746
805 0 1 1244
806 0 2 1989
807 0 1 508
808 0 1 363
809 0 1 1371
81 0 1 611
810 0 3 1995
811 0 1 474
812 0 1 1993
813 0 1 544
814 0 2 472
815 0 1 1268
816 0 1 1507
817 0 1 349
818 0 1 786
819 0 1 2180
82 0 2 2507
820 0 1 569
821 0 1 938
822 0 1 1233
823 0 2 1277
824 0 1 2012
825 0 1 1593
826 0 1 492
827 0 1 242
828 0 1 2505
829 0 1 561
83 0 1 1473
830 0 1 736
831 0 2 471
832 0 1 999
833 0 3 524
834 0 1 327
835 0 1 984
836 0 1 788
837 0 3 1201
838 0 2 1127
839 0 2 1475
84 0 1 955
840 0 2 711
841 0 1 492
842 0 1 575
843 0 2 481
844 0 1 560
845 0 1 476
846 0 3 563
847 0 1 1224
848 0 1 452
849 0 3 898
85 0 1 2425
850 0 1 1048
851 0 2 1237
852 0 1 324
853 0 1 516
854 0 3 583
855 0 3 473
856 0 1 431
857 0 1 2487
858 0 1 433
859 0 1 828
86 0 1 1204
860 0 1 455
861 0 5 1525
862 0 1 1994
863 0 1 1879
864 0 3 284
865 0 2 663
866 0 1 556
867 0 1 998
868 0 1 375
869 0 1 1403
87 0 2 1814
870 0 3 910
871 0 2 265
872 0 1 2211
873 0 1 249
874 0 1 975
875 0 2 486
876 0 3 371
877 0 1 2169
878 0 1 480
879 0 1 352
88 0 1 818
880 0 3 2498
881 0 1 1086
882 0 1 274
883 0 1 605
884 0 1 1261
885 0 2 642
886 0 1 2113
887 0 1 978
888 0 3 1998
889 0 1 651
89 0 3 478
890 0 1 2497
891 0 1 247
892 0 1 606
893 0 1 1988
894 0 2 663
895 0 1 537
896 0 2 2053
897 0 2 495
898 0 1 1545
899 0 1 237
9 0 1 277
90 0 1 588
900 0 3 1031
901 0 2 766
902 0 1 793
903 0 1 1487
904 0 2 763
905 0 1 1607
906 0 1 839
907 0 2 497
908 0 1 651
909 0 1 2201
91 0 3 758
910 0 1 1221
911 0 1 2283
912 0 1 908
913 0 2 831
914 0 1 951
915 0 1 1018
916 0 1 990
917 0 3 558
918 0 1 1264
919 0 2 713
92 0 3 2082
920 0 1 2499
921 0 1 447
922 0 1 1691
923 0 2 2406
924 0 1 2491
925 0 1 1000
926 0 1 979
927 0 1 2490
928 0 2 996
929 0 1 774
93 0 1 772
930 0 1 684
931 0 3 483
932 0 1 1887
933 0 3 2493
934 0 1 460
935 0 1 774
936 0 1 444
937 0 1 663
938 0 1 1043
939 0 1 1806
94 0 1 2293
940 0 1 1880
941 0 1 1977
942 0 1 1515
943 0 2 1016
944 0 1 1577
945 0 2 554
946 0 2 1995
947 0 3 464
948 0 1 956
949 0 2 2080
95 0 1 2511
950 0 1 463
951 0 2 1255
952 0 1 1256
953 0 1 481
954 0 5 252
955 0 1 829
956 0 1 443
957 0 1 564
958 0 1 2053
959 0 1 472
96 0 2 737
960 0 2 868
961 0 1 1275
962 0 2 1086
963 0 1 1600
964 0 1 1053
965 0 1 1320
966 0 3 2103
967 0 3 1268
968 0 1 406
969 0 1 726
97 0 1 720
970 0 3 789
971 0 1 1690
972 0 1 431
973 0 1 751
974 0 2 692
975 0 1 1153
976 0 1 1846
977 0 1 516
978 0 1 2487
979 0 3 804
98 0 1 334
980 0 1 593
981 0 1 1344
982 0 1 2499
983 0 1 702
984 0 3 2098
985 0 2 1656
986 0 1 1501
987 0 1 1173
988 0 1 570
989 0 2 1714
99 0 2 641
990 0 1 978
991 0 3 916
992 0 1 1042
993 0 1 1294
994 0 2 544
995 0 3 1657
996 0 2 2424
997 0 1 1090
998 0 1 1472
999 0 3 1763
1 1329
1 1791
10 1489
10 1666
10 1954
100 1104
100 1306
1000 1247
1000 1515
1000 1699
1000 1806
101 1065
101 1747
101 1949
102 1493
102 1589
102 1800
103 1054
103 1329
104 1258
104 1641
105 1766
106 1992
107 1059
107 1880
108 1042
108 1350
108 1562
109 1149
109 1446
109 1572
109 1672
11 1851
11 1861
110 1357
110 1360
110 1390
110 1661
110 1760
111 1071
112 1084
112 1333
112 1342
112 1899
113 1384
113 1628
114 1338
114 1399
114 1553
114 1775
115 1175
116 1161
116 1249
116 1316
116 1990
117 1017
117 1273
118 1087
119 1181
119 1502
119 1595
12 1433
120 1676
121 1080
121 1864
122 1787
123 1120
123 1850
124 1204
124 1224
124 1651
125 1438
125 1915
126 1743
126 1767
127 1183
127 1598
128 1171
129 1542
13 1710
13 1971
130 1526
131 1275
131 1391
132 1289
133 1371
133 1603
134 1295
134 1603
134 1926
135 1281
135 1777
136 1136
137 1453
137 1594
137 1987
138 1161
138 1998
139 1049
139 1180
139 1994
14 1103
140 1617
141 1173
141 1660
141 1819
142 1471
142 1839
143 1515
144 1152
145 1416
145 1870
146 1513
146 1689
147 1468
147 1790
148 1494
149 1069
149 1128
149 1467
15 1400
150 1004
150 1321
151 1521
151 1650
152 1034
152 1343
153 1159
153 1459
154 1370
155 1235
155 1993
156 1373
156 1937
157 1112
157 1499
157 1919
158 1527
159 1432
159 1896
16 1580
160 1436
160 1654
161 1240
161 1405
162 1170
163 1294
164 1127
165 1772
166 1027
166 1574
167 1192
167 1262
168 1701
168 1717
169 1086
169 1629
17 1197
17 1297
170 1663
171 1314
171 1685
172 1258
173 1127
173 1133
174 1200
174 1288
174 1770
175 1410
176 1032
176 1118
176 1354
176 1454
177 1240
178 1007
178 1022
178 1229
178 1862
179 1199
18 1353
18 1840
180 1104
180 1367
180 1963
181 1355
181 1549
181 1923
182 1720
183 1709
184 1359
185 1089
185 1531
185 1725
186 1053
186 1977
187 1312
187 1364
187 1731
188 1201
188 1876
189 1932
19 1177
190 1978
191 1206
192 1688
192 1918
193 1147
193 1443
194 1499
195 1533
195 1634
195 1785
195 1814
195 1872
196 1270
197 1424
197 1768
198 1282
198 1379
198 1427
198 1445
199 1338
199 1732
2 1006
20 1294
200 1862
201 1089
201 1107
201 1264
201 1780
202 1023
202 1173
203 1119
204 1222
204 1773
205 1574
206 1528
206 1771
207 1575
208 1385
208 1813
208 1960
209 1756
21 1610
21 1755
210 1048
210 1774
211 1463
211 1532
211 1883
212 1377
212 1571
212 1656
213 1493
214 1089
214 1230
214 1240
214 1442
215 1014
216 1933
217 1476
217 1645
218 1097
219 1485
22 1169
22 1504
22 1691
220 1838
220 1928
221 1074
221 1275
221 1677
221 1805
222 1690
223 1395
223 1493
223 1615
224 1573
225 1540
226 1055
226 1428
227 1506
227 1822
227 1824
227 1842
228 1144
228 1277
228 1316
229 1394
229 1796
229 1854
23 1182
230 1180
231 1079
231 1177
232 1295
232 1376
232 1405
233 1554
233 1830
233 1863
234 1295
234 1554
235 1043
235 1516
235 1940
236 1127
236 1948
237 1175
237 1274
238 1423
238 1442
239 1939
24 1374
240 1282
241 1567
242 1470
242 1678
243 1690
243 1938
244 1411
245 1062
246 1071
246 1303
246 1684
247 1344
248 1058
248 1746
249 1399
249 1933
249 1952
25 1588
250 1787
250 1828
251 1661
251 1985
252 1296
252 1825
253 1870
254 1599
254 1890
255 1209
255 1397
255 1398
256 1761
256 1873
257 1020
257 1378
257 1486
258 1590
259 1076
26 1097
26 1532
26 1547
26 1778
26 1956
260 1411
260 1583
261 1769
262 1604
262 1646
263 1178
263 1498
263 1877
264 1674
264 1884
265 1570
265 1899
265 1943
266 1165
266 1289
266 1744
267 1800
268 1073
268 1679
269 1186
269 1537
27 1310
27 1634
270 1739
271 1244
271 1354
272 1104
272 1231
272 1965
273 1560
273 1788
274 1061
274 1643
275 1407
275 1465
275 1515
275 1954
276 1621
277 1946
278 1210
279 1030
279 1077
279 1750
28 1876
280 1524
280 1614
280 1696
281 1389
281 1557
282 1014
282 1345
282 1966
283 1014
283 1520
283 1781
284 1610
285 1530
285 1964
286 1268
286 1301
287 1371
287 1647
288 1112
288 1341
289 1211
289 1858
29 1579
29 1603
29 1703
29 1944
290 1446
291 1276
292 1203
292 1978
293 1050
293 1581
294 1152
294 1915
295 1652
296 1066
296 1300
297 1214
297 1896
298 1451
299 1724
3 1589
30 1184
30 1241
300 1236
300 1433
300 1577
300 1612
300 1648
301 1270
301 1541
301 1748
302 1429
303 1888
304 1101
305 1072
305 1311
305 1321
305 1656
306 1402
306 1562
306 1573
307 1073
307 1698
307 1978
308 1099
308 1369
309 1963
31 1177
31 1795
31 1953
310 1103
310 1529
311 1064
311 1157
311 1549
311 1941
312 1335
312 1352
312 1889
312 1914
313 1116
313 1389
313 1853
314 1056
314 1374
314 1936
315 1434
315 1961
316 1432
316 1898
317 1261
317 1555
318 1330
318 1500
318 1683
318 1907
319 1124
32 1393
32 1729
320 1202
320 1412
321 1176
321 1481
322 1399
322 1712
322 1813
323 1742
324 1148
324 1882
325 1035
325 1903
326 1710
326 1745
327 1181
328 1106
328 1150
329 1195
329 1582
329 1689
329 1902
33 1598
330 1256
330 1743
331 1649
331 1934
332 1088
333 1317
333 1328
333 1684
334 1821
335 1188
336 1107
336 1129
336 1131
337 1223
338 1612
339 1827
34 1736
340 1537
341 1714
342 1243
342 1608
342 1659
343 1156
343 1550
343 1888
344 1182
345 1530
346 1201
347 1565
347 1613
348 1084
349 1235
349 1961
35 1437
35 1848
35 1933
350 1088
350 1175
351 1848
351 1973
352 1271
352 1715
353 1487
354 1589
354 1754
355 1596
355 1808
356 1409
356 1741
357 1685
358 1128
358 1727
359 1651
359 1890
36 1188
36 1392
36 1393
360 1041
360 1879
361 1383
362 1823
362 1871
363 1318
364 1419
364 1972
365 1643
365 1996
366 1012
366 1505
367 1372
367 1877
368 1108
368 1217
368 1552
369 1117
369 1627
369 1828
37 1066
370 1013
370 1168
370 1704
371 1754
372 1182
372 1195
373 1212
373 1726
373 1946
374 1383
374 1993
375 1363
376 1827
377 1068
377 1545
378 1327
378 1633
378 1741
379 1094
379 1910
38 1073
38 1273
38 1628
380 1780
380 1801
381 1415
382 1757
383 1305
383 1846
384 1253
385 1036
385 1697
386 1245
386 1442
387 1103
387 1993
388 1381
388 1719
389 1921
39 1041
390 1241
390 1882
390 1976
391 1601
391 1612
392 1656
392 1975
393 1704
394 1929
395 1074
395 1259
396 1253
396 1698
397 1786
397 1900
398 1302
398 1667
398 1797
399 1115
399 1915
4 1189
4 1318
4 1809
4 1859
40 1340
40 1753
40 1945
400 1254
401 1005
402 1020
402 1458
402 1471
403 1787
404 1302
404 1488
404 1662
404 1832
405 1012
405 1733
406 1150
407 1091
407 1128
407 1154
407 1294
407 1358
408 1909
408 1957
409 1828
41 1026
410 1390
411 1366
411 1688
412 1242
412 1561
412 1724
412 1821
413 1461
413 1466
413 1498
414 1765
414 1885
415 1494
416 1195
416 1205
417 1217
417 1485
417 1678
418 1486
419 1636
419 1927
42 1244
42 1542
42 1605
420 1522
420 1599
420 1938
421 1719
422 1006
422 1492
422 1890
423 1254
424 1276
424 1774
425 1087
425 1171
425 1260
425 1694
426 1679
426 1799
427 1472
428 1308
429 1980
43 1626
43 1772
430 1590
430 1738
431 1110
431 1561
432 1098
432 1337
432 1737
433 1125
433 1596
433 1757
434 1347
434 1772
435 1990
436 1120
437 1548
437 1848
438 1470
438 1525
439 1028
44 1018
44 1087
440 1109
440 1210
440 1676
441 1859
442 1028
442 1067
443 1269
444 1207
444 1356
445 1060
445 1952
446 1151
446 1194
446 1387
446 1763
447 1046
447 1902
448 1629
449 1315
449 1600
449 1734
449 1929
45 1346
450 1181
450 1239
450 1307
451 1579
452 1319
452 1412
452 1891
453 1024
453 1070
453 1222
454 1184
455 1092
455 1470
456 1339
456 1491
456 1592
456 1827
457 1263
457 1862
458 1915
459 1899
46 1523
460 1057
460 1194
460 1426
461 1652
462 1483
462 1811
463 1882
464 1760
464 1793
465 1158
465 1380
465 1544
466 1223
466 1826
466 1880
467 1051
467 1880
468 1220
468 1357
468 1718
469 1070
469 1449
469 1692
47 1018
470 1259
471 1032
471 1421
472 1086
472 1550
473 1410
473 1678
474 1301
475 1136
475 1258
476 1629
476 1882
477 1415
478 1218
478 1511
479 1033
479 1609
48 1526
48 1542
48 1599
480 1113
480 1366
481 1011
481 1691
482 1188
483 1684
484 1113
484 1658
485 1371
485 1877
486 1128
487 1591
487 1704
488 1370
488 1585
489 1067
489 1111
489 1394
49 1082
49 1604
49 1714
49 1842
490 1603
490 1782
491 1130
492 1031
492 1341
492 1398
493 1413
494 1011
494 1336
495 1157
495 1995
495 1999
496 1922
497 1496
497 1585
498 1388
498 1621
499 1279
5 1590
5 1778
50 1025
50 1195
50 1198
500 1277
501 1197
501 1347
501 1647
502 1038
502 1653
502 1662
503 1085
503 1178
503 1517
504 1676
505 1314
505 1505
505 1730
506 1424
506 1503
506 1787
507 1010
507 1304
508 1285
508 1716
508 1728
508 1920
509 1191
509 1298
51 1836
510 1264
510 1670
510 1764
511 1094
511 1188
512 1520
512 1988
513 1451
513 1592
513 1619
514 1129
514 1428
514 1878
515 1100
515 1283
516 1174
516 1281
516 1786
517 1543
517 1608
517 1816
518 1156
519 1110
519 1152
52 1189
52 1468
52 1663
52 1738
520 1002
521 1110
521 1170
522 1200
522 1239
523 1399
523 1480
524 1425
524 1874
524 1901
525 1459
525 1601
526 1907
527 1100
527 1796
528 1185
528 1303
529 1295
529 1688
53 1050
53 1460
53 1841
530 1426
531 1323
531 1813
532 1030
532 1293
533 1087
533 1233
534 1343
534 1444
534 1886
535 1803
535 1916
535 1968
536 1753
537 1129
538 1623
539 1417
539 1751
539 1832
54 1199
54 1369
54 1843
540 1426
540 1747
540 1755
541 1886
542 1925
543 1414
544 1689
545 1140
545 1406
546 1588
546 1865
547 1214
547 1992
548 1365
549 1372
55 1194
55 1477
550 1323
551 1366
551 1680
552 1481
553 1913
554 1116
554 1386
555 1287
555 1355
555 1640
556 1811
556 1865
557 1023
557 1117
557 1685
558 1322
558 1352
558 1502
558 1695
558 1717
558 1946
559 1401
559 1502
559 1508
559 1632
56 1637
560 1317
561 1269
561 1927
562 1147
562 1214
562 1516
563 1947
563 1961
564 1351
564 1365
564 1415
565 1556
566 1280
567 1117
567 1715
567 1833
568 1684
568 1930
569 1902
57 1146
57 1615
570 1201
570 1949
571 1462
571 1866
572 1139
573 1225
573 1278
573 1575
573 1623
574 1362
574 1875
574 1879
575 1827
576 1313
576 1756
576 1982
577 1091
577 1279
577 1433
577 1864
578 1040
578 1300
578 1709
579 1347
579 1692
58 1121
58 1179
58 1521
580 1463
580 1924
581 1714
582 1146
582 1292
582 1712
583 1943
584 1403
584 1624
584 1626
584 1804
585 1180
586 1163
586 1413
586 1649
587 1842
588 1132
588 1202
589 1150
59 1513
59 1707
590 1243
591 1870
592 1076
592 1095
592 1219
592 1481
593 1456
593 1576
594 1009
594 1830
594 1847
595 1474
595 1793
596 1002
596 1363
597 1461
597 1540
598 1062
598 1320
598 1665
598 1909
599 1238
599 1373
599 1398
599 1638
6 1026
6 1979
60 1100
600 1362
600 1779
601 1857
601 1927
602 1859
602 1895
603 1500
603 1928
604 1434
604 1675
605 1085
606 1427
606 1564
606 1679
607 1415
607 1617
607 1897
608 1319
608 1462
608 1528
609 1539
609 1718
61 1771
610 1308
610 1580
610 1761
611 1266
611 1602
611 1990
612 1784
613 1825
614 1284
615 1568
615 1616
615 1761
616 1004
616 1490
617 1285
617 1676
617 1736
618 1603
619 1205
62 1659
62 1721
620 1434
621 1251
621 1845
622 1426
623 1862
623 1888
623 1970
624 1324
624 1652
625 1255
625 1979
626 1654
626 1682
627 1366
628 1039
628 1715
628 1939
628 1959
629 1914
629 1974
63 1642
63 1844
630 1763
631 1428
632 1771
633 1414
633 1622
634 1927
635 1457
635 1556
636 1058
636 1856
637 1023
637 1378
637 1957
638 1332
638 1970
638 1980
639 1246
639 1585
639 1812
64 1368
64 1840
640 1675
641 1607
641 1731
642 1735
642 1926
643 1810
644 1907
644 1925
644 1967
645 1179
645 1256
645 1562
646 1570
647 1555
647 1910
648 1846
649 1172
65 1746
650 1466
651 1279
652 1016
653 1766
653 1891
654 1492
655 1019
656 1497
656 1609
657 1145
657 1567
658 1384
659 1563
66 1429
66 1776
66 1986
660 1411
660 1430
660 1456
660 1763
661 1003
661 1147
661 1468
661 1587
662 1990
663 1181
664 1120
664 1326
664 1815
665 1268
665 1359
666 1088
666 1494
667 1257
667 1262
667 1529
668 1225
668 1473
669 1057
669 1388
67 1344
67 1907
670 1076
670 1114
670 1896
671 1251
672 1139
672 1309
672 1829
673 1039
673 1600
673 1644
674 1060
674 1784
674 1892
675 1045
675 1304
676 1952
677 1629
678 1306
678 1447
679 1167
679 1742
679 1797
679 1912
68 1193
68 1731
68 1811
680 1153
680 1232
681 1367
681 1744
681 1771
682 1142
682 1428
683 1168
684 1661
685 1196
685 1894
685 1919
686 1539
687 1157
688 1416
689 1922
69 1848
690 1071
690 1534
691 1826
692 1404
692 1420
693 1060
694 1358
694 1645
695 1280
695 1891
696 1680
696 1936
697 1445
697 1739
698 1420
699 1536
699 1904
7 1789
70 1948
700 1853
701 1885
701 1969
702 1399
702 1506
702 1613
703 1122
703 1992
704 1166
704 1275
705 1221
705 1769
705 1917
706 1388
706 1606
707 1227
708 1545
708 1620
709 1226
709 1694
709 1834
709 1837
71 1150
71 1950
710 1023
710 1631
711 1697
712 1538
712 1816
713 1450
713 1714
714 1217
714 1365
715 1749
715 1829
715 1867
716 1369
717 1107
717 1501
717 1618
718 1337
718 1846
719 1136
719 1913
719 1982
72 1225
720 1028
720 1406
721 1408
722 1475
722 1961
723 1800
724 1187
724 1361
724 1467
725 1318
726 1690
726 1844
727 1498
728 1114
728 1909
729 1109
729 1942
729 1981
73 1543
730 1044
730 1216
730 1753
730 1795
731 1683
731 1966
732 1431
732 1993
733 1258
734 1114
734 1309
734 1791
735 1268
736 1050
736 1174
736 1448
736 1504
736 1823
737 1049
738 1105
738 1133
738 1242
738 1494
739 1016
739 1071
739 1487
74 1134
74 1922
740 1742
741 1516
742 1045
742 1119
742 1440
743 1058
743 1909
743 1951
744 1318
744 1745
745 1335
745 1681
745 1852
746 1700
746 1737
746 1794
747 1038
748 1793
749 1074
749 1141
749 1396
75 1312
750 1173
750 1911
751 1228
751 1478
751 1821
751 1935
752 1481
752 1817
752 1988
753 1064
753 1137
753 1485
753 1761
754 1215
754 1620
755 1299
755 1671
756 1802
757 1309
758 1584
758 1797
759 1229
759 1267
759 1984
76 1888
760 1155
760 1639
760 1770
761 1078
761 1535
761 1549
761 1722
762 1382
762 1584
763 1114
763 1495
764 1159
764 1655
765 1789
765 1893
766 1381
767 1135
767 1332
768 1145
768 1186
768 1630
768 1874
768 1941
769 1226
77 1796
770 1172
770 1559
770 1754
771 1034
772 1094
772 1997
773 1873
774 1052
774 1942
775 1411
775 1558
776 1559
777 1031
777 1527
777 1752
778 1448
779 1352
779 1858
779 1904
779 1968
78 1497
78 1681
780 1104
781 1958
781 1972
782 1524
783 1936
784 1456
784 1893
785 1143
785 1375
786 1234
786 1697
787 1609
787 1836
788 1803
789 1334
789 1382
79 1566
79 1757
79 1781
790 1569
790 1875
791 1869
791 1924
792 1931
793 1458
794 1038
795 1089
795 1302
795 1408
795 1699
796 1455
796 1702
797 1418
797 1921
798 1208
798 1772
799 1642
8 1854
80 1484
80 1510
80 1574
800 1996
801 1526
802 1027
802 1248
803 1089
804 1625
804 1750
805 1321
805 1594
806 1499
807 1308
807 1857
808 1227
808 1351
809 1298
81 1511
81 1708
81 1875
810 1011
810 1128
811 1286
811 1806
812 1621
813 1419
813 1534
814 1741
815 1076
816 1028
816 1723
817 1326
817 1885
818 1684
819 1183
82 1968
820 1047
820 1708
821 1252
821 1910
822 1106
823 1638
823 1831
824 1719
824 2000
825 1143
826 1078
827 1773
828 1652
828 1913
829 1201
829 1955
83 1316
83 1329
830 1766
830 1860
831 1908
832 1078
832 1093
832 1143
833 1074
833 1130
833 1793
833 1810
834 1996
835 1827
836 1113
837 1472
837 1846
838 1487
839 1001
839 1815
84 1925
840 1092
840 1143
840 1162
840 1268
841 1497
842 1139
842 1450
842 1620
843 1049
843 1763
844 1383
845 1712
845 1917
846 1190
846 1686
847 1410
847 1989
848 1037
848 1081
849 1185
849 1225
849 1668
85 1337
850 1435
850 1592
851 1420
851 1744
852 1267
852 1486
853 1164
853 1698
854 1643
854 1733
855 1556
855 1798
856 1192
856 1870
857 1150
857 1162
858 1328
859 1104
86 1522
860 1705
860 1715
861 1015
861 1072
861 1094
862 1363
863 1792
863 1906
864 1238
865 1358
865 1371
866 1400
866 1971
867 1528
867 1702
868 1203
868 1820
869 1546
869 1792
869 1809
87 1593
87 1850
87 1913
870 1040
870 1516
871 1697
872 1657
873 1487
874 1811
875 1039
875 1327
876 1190
876 1198
876 1369
877 1352
878 1449
879 1586
88 1834
880 1576
881 1392
882 1213
882 1330
882 1807
883 1090
883 1413
883 1597
884 1441
884 1814
885 1414
886 1243
886 1720
886 1969
886 1983
887 1633
887 1774
887 1865
888 1337
888 1576
889 1296
889 1469
89 1052
890 1124
890 1482
890 1736
891 1290
892 1008
892 1741
892 1910
893 1451
894 1083
894 1433
894 1514
895 1978
896 1808
897 1755
897 1758
898 1225
898 1679
898 1759
899 1346
899 1363
899 1887
9 1183
9 1418
9 1740
9 1923
90 1182
90 1777
900 1101
900 1637
900 1915
901 1546
901 1702
902 1349
902 1411
902 1687
902 1851
903 1556
903 1572
904 1032
904 1510
905 1126
905 1574
906 1102
906 1610
907 1005
907 1237
907 1581
908 1925
909 1410
91 1299
91 1518
91 1704
91 1934
910 1167
910 1331
911 1153
911 1284
911 1853
912 1154
912 1340
913 1053
913 1496
913 1818
914 1171
914 1265
914 1585
915 1234
915 1594
916 1019
916 1909
917 1585
918 1226
918 1402
919 1836
92 1174
920 1875
920 1881
921 1314
921 1512
922 1477
923 1621
924 1673
924 1764
925 1037
925 1262
926 1951
927 1923
928 1016
928 1073
929 1629
93 1436
930 1637
931 1654
931 1931
932 1021
932 1096
932 1158
932 1175
932 1672
932 1845
932 1908
933 1048
933 1265
934 1523
934 1854
935 1545
935 1558
936 1621
937 1815
938 1139
938 1451
939 1452
939 1897
94 1129
94 1401
94 1993
940 1577
941 1305
942 1075
942 1101
942 1560
942 1934
943 1422
943 1730
943 1903
944 1119
944 1250
944 1255
944 1800
945 1718
946 1675
947 1060
947 1696
947 1776
947 1868
948 1302
949 1441
949 1551
949 1901
949 1964
95 1354
95 1542
950 1248
950 1290
951 1272
951 1291
951 1534
951 1578
951 1611
952 1507
952 1566
952 1713
952 1881
953 1479
953 1724
954 1155
954 1368
955 1439
955 1681
956 1337
957 1457
958 1603
959 1254
959 1635
959 1705
96 1381
96 1533
96 1905
960 1085
960 1674
960 1922
960 1991
961 1592
961 1669
962 1123
962 1635
963 1088
963 1611
964 1325
964 1639
965 1519
965 1840
966 1169
966 1762
967 1138
967 1348
967 1563
967 1611
968 1293
968 1541
968 1654
968 1899
969 1307
97 1174
97 1905
970 1859
971 1230
971 1728
972 1063
972 1611
972 1641
972 1825
972 1855
972 1932
973 1657
973 1960
974 1311
975 1762
976 1586
976 1677
977 1509
977 1583
977 1783
977 1986
978 1173
979 1330
979 1962
98 1343
98 1448
980 1238
980 1664
981 1356
981 1420
982 1116
982 1849
982 1864
983 1711
983 1802
983 1803
984 1496
984 1706
985 1298
985 1370
986 1029
986 1223
986 1835
987 1832
987 1835
988 1826
989 1464
989 1789
99 1344
99 1363
990 1536
990 1854
991 1262
991 1397
992 1380
993 1206
993 1522
993 1985
994 1873
995 1018
996 1361
997 1393
998 1693
998 1980
999 1160
999 1367
999 1622
999 1931
