2000 4000
1 0 4 282
10 0 1 709
100 0 1 519
1000 0 4 1522
1001 1 1 682
1002 1 2 900
1003 1 3 1287
1004 1 2 958
1005 1 3 569
1006 1 1 892
1007 1 1 1177
1008 1 1 1095
1009 1 1 1514
101 0 1 371
1010 1 3 844
1011 1 3 873
1012 1 1 1514
1013 1 3 1287
1014 1 1 928
1015 1 1 1306
1016 1 2 1369
1017 1 3 1146
1018 1 1 877
1019 1 2 867
102 0 1 2493
1020 1 2 779
1021 1 1 483
1022 1 2 1435
1023 1 3 957
1024 1 3 539
1025 1 3 653
1026 1 1 769
1027 1 1 742
1028 1 1 508
1029 1 1 936
103 0 1 567
1030 1 1 1147
1031 1 3 1256
1032 1 1 811
1033 1 1 905
1034 1 1 778
1035 1 1 893
1036 1 1 1427
1037 1 2 977
1038 1 1 551
1039 1 2 600
104 0 1 310
1040 1 3 700
1041 1 3 1012
1042 1 1 1799
1043 1 2 722
1044 1 1 974
1045 1 2 734
1046 1 3 975
1047 1 1 562
1048 1 1 1315
1049 1 2 862
105 0 1 766
1050 1 2 1461
1051 1 2 1030
1052 1 1 936
1053 1 1 1445
1054 1 2 1076
1055 1 2 1521
1056 1 1 720
1057 1 1 962
1058 1 2 1358
1059 1 1 1452
106 0 1 659
1060 1 1 1533
1061 1 3 1259
1062 1 1 1523
1063 1 1 1457
1064 1 1 1452
1065 1 1 1190
1066 1 3 755
1067 1 1 1049
1068 1 1 1001
1069 1 1 547
107 0 1 755
1070 1 1 1185
1071 1 1 824
1072 1 2 1143
1073 1 1 548
1074 1 3 1213
1075 1 2 1362
1076 1 2 754
1077 1 1 820
1078 1 2 705
1079 1 4 739
108 0 5 939
1080 1 2 1382
1081 1 1 749
1082 1 1 742
1083 1 1 774
1084 1 1 1237
1085 1 1 952
1086 1 2 920
1087 1 2 1020
1088 1 1 1219
1089 1 1 1066
109 0 2 516
1090 1 2 708
1091 1 1 946
1092 1 2 1152
1093 1 1 568
1094 1 1 872
1095 1 1 867
1096 1 2 930
1097 1 1 1040
1098 1 2 1321
1099 1 3 729
11 0 1 522
110 0 1 1806
1100 1 1 1160
1101 1 2 797
1102 1 1 1432
1103 1 1 1059
1104 1 1 966
1105 1 2 1544
1106 1 4 771
1107 1 1 1023
1108 1 2 1475
1109 1 1 1179
111 0 1 1256
1110 1 1 911
1111 1 2 740
1112 1 1 554
1113 1 3 914
1114 1 1 571
1115 1 2 781
1116 1 1 759
1117 1 1 782
1118 1 1 729
1119 1 2 977
112 0 3 879
1120 1 2 949
1121 1 2 750
1122 1 1 692
1123 1 1 1217
1124 1 1 1044
1125 1 1 631
1126 1 1 809
1127 1 1 1138
1128 1 1 686
1129 1 2 1491
113 0 2 2518
1130 1 1 961
1131 1 1 1162
1132 1 2 1457
1133 1 1 797
1134 1 2 783
1135 1 3 688
1136 1 1 1073
1137 1 2 756
1138 1 1 541
1139 1 2 1055
114 0 1 349
1140 1 2 1165
1141 1 2 746
1142 1 2 565
1143 1 1 948
1144 1 1 754
1145 1 3 657
1146 1 1 1444
1147 1 3 552
1148 1 1 958
1149 1 1 776
115 0 2 834
1150 1 1 1465
1151 1 1 572
1152 1 2 524
1153 1 1 499
1154 1 1 998
1155 1 1 938
1156 1 2 1187
1157 1 1 966
1158 1 2 1434
1159 1 1 1181
116 0 2 791
1160 1 2 1349
1161 1 1 830
1162 1 1 1153
1163 1 1 1080
1164 1 1 954
1165 1 1 1074
1166 1 3 672
1167 1 3 790
1168 1 3 831
1169 1 1 787
117 0 1 1151
1170 1 2 737
1171 1 1 704
1172 1 1 1799
1173 1 1 999
1174 1 1 561
1175 1 2 545
1176 1 1 665
1177 1 1 801
1178 1 2 966
1179 1 3 881
118 0 1 764
1180 1 1 686
1181 1 2 783
1182 1 1 555
1183 1 1 585
1184 1 1 557
1185 1 1 772
1186 1 1 1115
1187 1 3 1479
1188 1 1 1177
1189 1 1 1344
119 0 1 1709
1190 1 1 1064
1191 1 1 909
1192 1 3 542
1193 1 1 1438
1194 1 2 926
1195 1 2 989
1196 1 1 1035
1197 1 1 863
1198 1 1 1513
1199 1 1 774
12 0 2 2299
120 0 1 2078
1200 1 1 1040
1201 1 1 1458
1202 1 2 651
1203 1 1 1028
1204 1 1 527
1205 1 2 832
1206 1 2 574
1207 1 3 1182
1208 1 2 1210
1209 1 4 1478
121 0 1 586
1210 1 1 735
1211 1 3 831
1212 1 1 1311
1213 1 2 654
1214 1 3 1037
1215 1 2 516
1216 1 1 696
1217 1 2 795
1218 1 1 753
1219 1 1 1370
122 0 2 2113
1220 1 2 1151
1221 1 2 670
1222 1 1 1338
1223 1 3 815
1224 1 2 843
1225 1 1 869
1226 1 1 1247
1227 1 1 959
1228 1 1 1256
1229 1 3 1184
123 0 1 1458
1230 1 1 788
1231 1 1 734
1232 1 1 1202
1233 1 1 1467
1234 1 2 1284
1235 1 1 811
1236 1 1 1186
1237 1 2 1144
1238 1 1 1072
1239 1 3 1386
124 0 1 888
1240 1 1 764
1241 1 2 743
1242 1 3 717
1243 1 1 534
1244 1 2 1193
1245 1 1 653
1246 1 2 1191
1247 1 4 594
1248 1 1 727
1249 1 1 528
125 0 1 1969
1250 1 1 858
1251 1 1 729
1252 1 2 792
1253 1 2 670
1254 1 2 967
1255 1 1 648
1256 1 1 1439
1257 1 1 775
1258 1 2 907
1259 1 1 1799
126 0 1 1218
1260 1 4 1492
1261 1 1 733
1262 1 1 1193
1263 1 2 985
1264 1 2 1478
1265 1 2 661
1266 1 2 776
1267 1 2 1455
1268 1 1 1069
1269 1 1 569
127 0 3 672
1270 1 2 1202
1271 1 2 746
1272 1 1 589
1273 1 1 664
1274 1 1 1032
1275 1 3 1468
1276 1 1 969
1277 1 2 1425
1278 1 1 1445
1279 1 1 538
128 0 3 363
1280 1 1 1119
1281 1 1 1029
1282 1 1 1372
1283 1 1 732
1284 1 2 1246
1285 1 1 741
1286 1 1 1437
1287 1 2 898
1288 1 1 779
1289 1 1 1193
129 0 3 2379
1290 1 1 548
1291 1 1 677
1292 1 4 1364
1293 1 1 1022
1294 1 1 759
1295 1 2 1454
1296 1 1 853
1297 1 1 1243
1298 1 1 1345
1299 1 1 936
13 0 2 1998
130 0 2 820
1300 1 1 729
1301 1 1 1374
1302 1 2 2499
1303 1 1 1358
1304 1 1 660
1305 1 1 952
1306 1 1 539
1307 1 1 825
1308 1 1 837
1309 1 1 854
131 0 3 1800
1310 1 1 684
1311 1 1 853
1312 1 1 1098
1313 1 1 1057
1314 1 1 920
1315 1 1 1471
1316 1 3 1148
1317 1 1 905
1318 1 2 821
1319 1 1 752
132 0 1 1331
1320 1 2 563
1321 1 2 841
1322 1 2 660
1323 1 2 706
1324 1 1 898
1325 1 2 1462
1326 1 1 1079
1327 1 1 1165
1328 1 3 1077
1329 1 2 688
133 0 2 2496
1330 1 1 711
1331 1 4 1332
1332 1 1 933
1333 1 3 580
1334 1 3 1194
1335 1 2 671
1336 1 1 950
1337 1 1 1186
1338 1 1 542
1339 1 1 1152
134 0 1 454
1340 1 1 1067
1341 1 1 1084
1342 1 1 699
1343 1 2 1463
1344 1 2 1116
1345 1 1 536
1346 1 1 1400
1347 1 2 690
1348 1 1 684
1349 1 3 917
135 0 1 729
1350 1 1 931
1351 1 1 988
1352 1 1 1338
1353 1 2 755
1354 1 1 857
1355 1 2 1483
1356 1 1 871
1357 1 1 1030
1358 1 2 1509
1359 1 1 675
136 0 3 1877
1360 1 1 1462
1361 1 1 820
1362 1 1 803
1363 1 1 902
1364 1 1 1799
1365 1 1 680
1366 1 2 776
1367 1 2 567
1368 1 1 595
1369 1 3 1079
137 0 1 1660
1370 1 1 1473
1371 1 1 1128
1372 1 1 1152
1373 1 1 582
1374 1 3 765
1375 1 1 868
1376 1 4 540
1377 1 2 1142
1378 1 1 1379
1379 1 1 679
138 0 2 1029
1380 1 2 866
1381 1 2 585
1382 1 1 785
1383 1 1 554
1384 1 1 577
1385 1 2 549
1386 1 1 1491
1387 1 3 898
1388 1 2 998
1389 1 2 1491
139 0 1 404
1390 1 1 937
1391 1 2 1081
1392 1 1 1165
1393 1 1 1281
1394 1 1 672
1395 1 1 1269
1396 1 1 1468
1397 1 1 1267
1398 1 1 680
1399 1 1 848
14 0 1 1491
140 0 2 991
1400 1 1 718
1401 1 1 1481
1402 1 3 943
1403 1 1 568
1404 1 2 1162
1405 1 1 856
1406 1 1 1097
1407 1 1 932
1408 1 4 870
1409 1 4 1442
141 0 2 456
1410 1 2 580
1411 1 2 723
1412 1 1 760
1413 1 2 561
1414 1 1 1101
1415 1 3 740
1416 1 1 580
1417 1 2 1468
1418 1 1 766
1419 1 1 664
142 0 1 466
1420 1 1 795
1421 1 1 629
1422 1 1 899
1423 1 1 974
1424 1 3 760
1425 1 3 844
1426 1 1 1465
1427 1 4 963
1428 1 1 570
1429 1 3 685
143 0 1 272
1430 1 1 756
1431 1 2 1111
1432 1 2 1120
1433 1 1 975
1434 1 1 761
1435 1 2 569
1436 1 3 1261
1437 1 1 878
1438 1 1 950
1439 1 4 686
144 0 1 937
1440 1 4 1336
1441 1 2 827
1442 1 1 1487
1443 1 3 1474
1444 1 4 1377
1445 1 1 745
1446 1 1 714
1447 1 3 520
1448 1 1 561
1449 1 1 835
145 0 1 271
1450 1 2 712
1451 1 2 581
1452 1 2 774
1453 1 2 1179
1454 1 2 803
1455 1 1 1289
1456 1 1 1191
1457 1 4 1084
1458 1 1 1391
1459 1 3 780
146 0 2 482
1460 1 1 1457
1461 1 1 864
1462 1 1 1356
1463 1 3 1234
1464 1 1 1178
1465 1 3 840
1466 1 1 1206
1467 1 2 1160
1468 1 1 1206
1469 1 3 621
147 0 1 1218
1470 1 2 764
1471 1 1 1504
1472 1 1 736
1473 1 1 809
1474 1 2 949
1475 1 1 628
1476 1 1 548
1477 1 2 863
1478 1 1 839
1479 1 1 542
148 0 1 533
1480 1 1 614
1481 1 1 1494
1482 1 1 978
1483 1 2 945
1484 1 1 1012
1485 1 3 1051
1486 1 2 1054
1487 1 1 871
1488 1 1 878
1489 1 2 816
149 0 2 1366
1490 1 1 678
1491 1 3 665
1492 1 2 584
1493 1 2 1054
1494 1 1 989
1495 1 1 831
1496 1 1 1418
1497 1 3 684
1498 1 2 1448
1499 1 2 1501
15 0 1 462
150 0 1 328
1500 1 1 1345
1501 1 2 1345
1502 1 2 1025
1503 1 1 874
1504 1 3 1228
1505 1 2 906
1506 1 1 1090
1507 1 3 1207
1508 1 1 842
1509 1 1 1491
151 0 1 1966
1510 1 2 1148
1511 1 1 656
1512 1 1 875
1513 1 4 1025
1514 1 2 1045
1515 1 1 890
1516 1 1 971
1517 1 1 1387
1518 1 1 842
1519 1 2 924
152 0 1 257
1520 1 1 1183
1521 1 1 1175
1522 1 3 665
1523 1 1 684
1524 1 3 1011
1525 1 1 656
1526 1 1 673
1527 1 2 866
1528 1 3 1483
1529 1 2 575
153 0 3 802
1530 1 1 1474
1531 1 1 763
1532 1 1 1045
1533 1 1 1404
1534 1 1 677
1535 1 1 1334
1536 1 1 595
1537 1 3 683
1538 1 1 1203
1539 1 1 881
154 0 1 482
1540 1 1 1386
1541 1 1 580
1542 1 2 1460
1543 1 3 1012
1544 1 3 663
1545 1 1 559
1546 1 1 724
1547 1 1 1209
1548 1 1 817
1549 1 1 971
155 0 3 863
1550 1 1 1211
1551 1 3 1275
1552 1 3 557
1553 1 2 1246
1554 1 1 1307
1555 1 1 792
1556 1 1 1243
1557 1 3 1009
1558 1 3 867
1559 1 1 911
156 0 3 481
1560 1 1 856
1561 1 2 1362
1562 1 1 801
1563 1 1 758
1564 1 1 1462
1565 1 1 943
1566 1 1 1420
1567 1 1 760
1568 1 2 1058
1569 1 1 674
157 0 3 1019
1570 1 2 663
1571 1 2 838
1572 1 1 793
1573 1 1 817
1574 1 1 845
1575 1 2 1355
1576 1 1 1350
1577 1 2 673
1578 1 1 924
1579 1 1 799
158 0 1 2187
1580 1 1 891
1581 1 1 889
1582 1 1 1086
1583 1 2 797
1584 1 1 1259
1585 1 3 744
1586 1 1 1494
1587 1 1 575
1588 1 1 947
1589 1 1 1069
159 0 1 503
1590 1 1 1019
1591 1 1 1269
1592 1 1 960
1593 1 1 1083
1594 1 1 1015
1595 1 3 1242
1596 1 1 789
1597 1 2 740
1598 1 3 732
1599 1 1 1159
16 0 2 1211
160 0 1 480
1600 1 1 554
1601 1 2 531
1602 1 3 1177
1603 1 2 1475
1604 1 1 1169
1605 1 2 798
1606 1 1 1216
1607 1 2 844
1608 1 1 1471
1609 1 3 1014
161 0 1 463
1610 1 3 973
1611 1 2 1438
1612 1 1 1427
1613 1 1 1339
1614 1 1 1457
1615 1 1 1540
1616 1 1 530
1617 1 2 1171
1618 1 1 694
1619 1 2 1106
162 0 1 1362
1620 1 1 778
1621 1 2 1021
1622 1 1 1479
1623 1 2 1063
1624 1 2 875
1625 1 1 1136
1626 1 1 1447
1627 1 1 843
1628 1 1 531
1629 1 1 1248
163 0 1 555
1630 1 3 993
1631 1 3 1070
1632 1 1 805
1633 1 2 935
1634 1 1 1150
1635 1 1 936
1636 1 2 538
1637 1 1 790
1638 1 3 1320
1639 1 4 578
164 0 2 424
1640 1 1 938
1641 1 1 1374
1642 1 4 1441
1643 1 1 949
1644 1 2 1226
1645 1 2 937
1646 1 1 703
1647 1 1 1422
1648 1 1 548
1649 1 1 666
165 0 1 1723
1650 1 1 1478
1651 1 2 571
1652 1 2 963
1653 1 1 1250
1654 1 1 1125
1655 1 1 787
1656 1 1 741
1657 1 1 1228
1658 1 3 763
1659 1 1 856
166 0 3 400
1660 1 2 1330
1661 1 2 565
1662 1 1 1066
1663 1 2 678
1664 1 2 600
1665 1 2 723
1666 1 2 1075
1667 1 4 1126
1668 1 2 807
1669 1 2 680
167 0 1 2372
1670 1 1 693
1671 1 1 964
1672 1 1 871
1673 1 1 507
1674 1 1 1000
1675 1 1 1086
1676 1 1 539
1677 1 3 1223
1678 1 1 1427
1679 1 2 681
168 0 2 442
1680 1 1 948
1681 1 3 1213
1682 1 2 1378
1683 1 1 826
1684 1 3 1287
1685 1 1 966
1686 1 2 520
1687 1 1 849
1688 1 1 693
1689 1 3 944
169 0 3 754
1690 1 1 535
1691 1 2 729
1692 1 1 785
1693 1 4 908
1694 1 1 783
1695 1 2 868
1696 1 3 1150
1697 1 4 930
1698 1 1 551
1699 1 3 530
17 0 2 1776
170 0 1 1121
1700 1 3 956
1701 1 1 563
1702 1 1 1204
1703 1 1 946
1704 1 1 870
1705 1 3 1363
1706 1 2 533
1707 1 1 641
1708 1 1 1399
1709 1 1 1146
171 0 1 1507
1710 1 2 1799
1711 1 2 980
1712 1 2 1046
1713 1 1 1453
1714 1 1 931
1715 1 1 651
1716 1 2 523
1717 1 2 773
1718 1 1 741
1719 1 2 639
172 0 1 754
1720 1 1 661
1721 1 2 1231
1722 1 1 1347
1723 1 1 1137
1724 1 1 918
1725 1 4 1545
1726 1 3 722
1727 1 1 1235
1728 1 3 710
1729 1 1 1057
173 0 1 1691
1730 1 1 801
1731 1 2 2499
1732 1 1 1159
1733 1 4 944
1734 1 3 1163
1735 1 1 817
1736 1 1 527
1737 1 1 864
1738 1 2 929
1739 1 1 1073
174 0 1 725
1740 1 1 723
1741 1 1 556
1742 1 2 768
1743 1 1 536
1744 1 1 1338
1745 1 2 544
1746 1 1 1382
1747 1 2 1135
1748 1 1 1486
1749 1 2 736
175 0 1 1113
1750 1 1 1468
1751 1 3 1243
1752 1 2 1264
1753 1 1 824
1754 1 2 770
1755 1 2 1498
1756 1 3 938
1757 1 1 770
1758 1 1 666
1759 1 3 2499
176 0 1 2084
1760 1 1 832
1761 1 2 1165
1762 1 2 1162
1763 1 1 944
1764 1 1 1100
1765 1 4 1485
1766 1 1 681
1767 1 2 684
1768 1 3 977
1769 1 1 929
177 0 1 447
1770 1 3 1473
1771 1 2 958
1772 1 1 1154
1773 1 1 1370
1774 1 4 1082
1775 1 1 967
1776 1 1 677
1777 1 2 1174
1778 1 1 1391
1779 1 1 761
178 0 1 697
1780 1 1 748
1781 1 2 1302
1782 1 2 634
1783 1 2 1080
1784 1 2 785
1785 1 1 1210
1786 1 1 1465
1787 1 1 1020
1788 1 4 1023
1789 1 1 588
179 0 1 559
1790 1 1 945
1791 1 3 866
1792 1 1 876
1793 1 3 645
1794 1 1 1197
1795 1 1 1081
1796 1 2 861
1797 1 4 917
1798 1 1 529
1799 1 2 1063
18 0 1 558
180 0 1 237
1800 1 1 1270
1801 1 1 544
1802 1 2 1501
1803 1 1 1458
1804 1 3 689
1805 1 1 565
1806 1 1 999
1807 1 2 1223
1808 1 2 567
1809 1 1 1060
181 0 2 789
1810 1 1 985
1811 1 1 813
1812 1 2 1799
1813 1 1 1499
1814 1 1 573
1815 1 2 920
1816 1 2 726
1817 1 2 682
1818 1 1 1248
1819 1 1 834
182 0 1 687
1820 1 2 1366
1821 1 3 686
1822 1 1 1366
1823 1 1 1243
1824 1 1 549
1825 1 1 975
1826 1 1 527
1827 1 1 1493
1828 1 3 2499
1829 1 2 1160
183 0 1 464
1830 1 1 495
1831 1 1 945
1832 1 2 985
1833 1 1 953
1834 1 4 941
1835 1 2 1110
1836 1 1 688
1837 1 1 515
1838 1 1 1451
1839 1 1 751
184 0 1 565
1840 1 1 524
1841 1 1 701
1842 1 3 1468
1843 1 1 682
1844 1 1 1119
1845 1 1 558
1846 1 2 850
1847 1 1 1222
1848 1 1 1389
1849 1 1 960
185 0 2 768
1850 1 1 1213
1851 1 2 1447
1852 1 1 1457
1853 1 3 678
1854 1 4 1487
1855 1 1 1086
1856 1 3 666
1857 1 2 1222
1858 1 1 1351
1859 1 1 1181
186 0 1 460
1860 1 1 1208
1861 1 2 1245
1862 1 1 972
1863 1 1 829
1864 1 1 765
1865 1 1 520
1866 1 1 525
1867 1 1 679
1868 1 2 1040
1869 1 1 979
187 0 1 1192
1870 1 1 1030
1871 1 1 1364
1872 1 1 892
1873 1 3 687
1874 1 1 813
1875 1 1 533
1876 1 2 1297
1877 1 2 823
1878 1 1 1080
1879 1 1 909
188 0 1 236
1880 1 2 1464
1881 1 1 643
1882 1 4 764
1883 1 2 679
1884 1 2 968
1885 1 1 733
1886 1 1 664
1887 1 1 1039
1888 1 3 852
1889 1 4 576
189 0 1 1338
1890 1 1 760
1891 1 2 1240
1892 1 3 1223
1893 1 2 574
1894 1 1 738
1895 1 2 1476
1896 1 1 1162
1897 1 1 842
1898 1 1 1047
1899 1 3 743
19 0 2 352
190 0 1 566
1900 1 1 588
1901 1 2 879
1902 1 2 1356
1903 1 2 596
1904 1 2 558
1905 1 2 570
1906 1 1 966
1907 1 2 1104
1908 1 1 817
1909 1 1 832
191 0 2 268
1910 1 2 1186
1911 1 4 840
1912 1 1 570
1913 1 1 846
1914 1 2 972
1915 1 1 923
1916 1 1 966
1917 1 1 949
1918 1 3 764
1919 1 4 755
192 0 1 1930
1920 1 1 775
1921 1 1 819
1922 1 1 1007
1923 1 2 929
1924 1 1 929
1925 1 3 949
1926 1 2 1094
1927 1 2 1243
1928 1 2 1283
1929 1 2 1141
193 0 1 1060
1930 1 1 1420
1931 1 1 741
1932 1 1 1456
1933 1 1 657
1934 1 2 591
1935 1 1 1072
1936 1 1 541
1937 1 2 853
1938 1 1 1107
1939 1 2 986
194 0 1 416
1940 1 1 564
1941 1 1 1490
1942 1 1 1062
1943 1 1 845
1944 1 3 542
1945 1 3 622
1946 1 3 633
1947 1 3 902
1948 1 4 1199
1949 1 1 854
195 0 1 797
1950 1 2 1035
1951 1 2 1201
1952 1 1 889
1953 1 2 1209
1954 1 2 986
1955 1 3 530
1956 1 2 1479
1957 1 3 1081
1958 1 1 870
1959 1 1 1338
196 0 1 989
1960 1 3 678
1961 1 1 812
1962 1 1 2499
1963 1 1 576
1964 1 1 1237
1965 1 2 1252
1966 1 1 664
1967 1 1 974
1968 1 4 813
1969 1 1 851
197 0 1 546
1970 1 1 666
1971 1 1 702
1972 1 1 1131
1973 1 2 1350
1974 1 1 949
1975 1 3 826
1976 1 1 888
1977 1 2 1176
1978 1 1 534
1979 1 1 832
198 0 1 1540
1980 1 3 852
1981 1 1 1264
1982 1 2 879
1983 1 1 1233
1984 1 2 1099
1985 1 3 837
1986 1 3 585
1987 1 3 510
1988 1 3 728
1989 1 2 702
199 0 1 541
1990 1 1 878
1991 1 1 645
1992 1 3 1437
1993 1 2 838
1994 1 1 809
1995 1 2 873
1996 1 1 785
1997 1 1 570
1998 1 1 1094
1999 1 3 1048
2 0 2 1886
20 0 1 497
200 0 1 1387
2000 1 1 1247
201 0 1 2082
202 0 1 1032
203 0 2 614
204 0 2 1677
205 0 1 1392
206 0 1 241
207 0 1 2157
208 0 3 1043
209 0 2 1473
21 0 2 859
210 0 1 399
211 0 1 2398
212 0 1 1475
213 0 1 1155
214 0 1 762
215 0 2 682
216 0 2 578
217 0 1 1510
218 0 1 1179
219 0 1 494
22 0 2 2051
220 0 1 1557
221 0 1 493
222 0 2 1186
223 0 2 609
224 0 1 567
225 0 3 2412
226 0 2 1814
227 0 1 216
228 0 1 391
229 0 1 1289
23 0 2 673
230 0 2 485
231 0 1 458
232 0 5 397
233 0 1 519
234 0 2 1580
235 0 2 1864
236 0 1 480
237 0 2 2494
238 0 2 1770
239 0 1 1371
24 0 1 2088
240 0 1 2010
241 0 1 604
242 0 1 723
243 0 2 444
244 0 2 1556
245 0 2 1028
246 0 3 1016
247 0 1 441
248 0 1 1346
249 0 1 477
25 0 1 1926
250 0 2 1845
251 0 1 1264
252 0 3 2128
253 0 1 763
254 0 3 654
255 0 1 1280
256 0 2 1991
257 0 2 1532
258 0 3 515
259 0 1 700
26 0 1 1038
260 0 1 581
261 0 1 873
262 0 1 1980
263 0 2 713
264 0 1 284
265 0 1 1448
266 0 1 824
267 0 2 731
268 0 2 979
269 0 1 1784
27 0 1 526
270 0 2 342
271 0 1 299
272 0 1 506
273 0 1 2004
274 0 1 517
275 0 2 2211
276 0 2 581
277 0 1 819
278 0 2 1989
279 0 1 483
28 0 1 1085
280 0 1 662
281 0 1 587
282 0 1 276
283 0 1 2486
284 0 1 882
285 0 2 709
286 0 1 456
287 0 1 390
288 0 3 2499
289 0 1 756
29 0 1 805
290 0 1 469
291 0 1 1186
292 0 2 1029
293 0 2 404
294 0 1 779
295 0 3 452
296 0 1 422
297 0 1 663
298 0 1 2491
299 0 2 692
3 0 1 886
30 0 1 356
300 0 3 2491
301 0 2 912
302 0 1 2302
303 0 1 442
304 0 2 726
305 0 1 1812
306 0 1 2084
307 0 2 1171
308 0 1 248
309 0 1 1214
31 0 1 341
310 0 1 1781
311 0 1 485
312 0 1 329
313 0 1 1118
314 0 1 1136
315 0 1 419
316 0 4 1013
317 0 3 650
318 0 1 485
319 0 1 342
32 0 1 1011
320 0 1 388
321 0 2 2297
322 0 2 2495
323 0 1 528
324 0 2 2085
325 0 1 365
326 0 1 582
327 0 1 447
328 0 2 920
329 0 1 427
33 0 1 1767
330 0 1 968
331 0 1 485
332 0 3 1602
333 0 1 445
334 0 2 2258
335 0 3 559
336 0 2 1790
337 0 1 1588
338 0 2 756
339 0 1 754
34 0 2 1992
340 0 1 687
341 0 1 1376
342 0 1 956
343 0 2 2497
344 0 3 862
345 0 1 1874
346 0 1 536
347 0 1 1794
348 0 1 922
349 0 1 1189
35 0 1 770
350 0 3 471
351 0 2 595
352 0 2 1856
353 0 2 856
354 0 4 1050
355 0 1 572
356 0 1 586
357 0 1 843
358 0 3 1231
359 0 2 1652
36 0 1 473
360 0 3 747
361 0 3 1996
362 0 1 430
363 0 1 561
364 0 2 958
365 0 1 396
366 0 4 1334
367 0 2 849
368 0 1 414
369 0 2 1298
37 0 1 571
370 0 1 375
371 0 2 580
372 0 2 1303
373 0 1 2158
374 0 1 2503
375 0 1 2300
376 0 1 1791
377 0 1 1762
378 0 1 580
379 0 1 1057
38 0 1 1044
380 0 2 1889
381 0 1 677
382 0 3 2000
383 0 1 2381
384 0 2 2425
385 0 1 469
386 0 1 577
387 0 1 1823
388 0 2 377
389 0 1 2388
39 0 2 1694
390 0 2 582
391 0 1 469
392 0 1 875
393 0 3 2488
394 0 1 1257
395 0 3 525
396 0 2 596
397 0 2 2142
398 0 1 561
399 0 2 1015
4 0 2 775
40 0 1 2295
400 0 1 676
401 0 4 1546
402 0 3 289
403 0 5 883
404 0 2 669
405 0 2 1237
406 0 1 475
407 0 1 746
408 0 1 670
409 0 1 503
41 0 1 781
410 0 1 258
411 0 3 1027
412 0 3 2171
413 0 2 2110
414 0 3 484
415 0 1 485
416 0 1 546
417 0 1 665
418 0 1 894
419 0 1 190
42 0 2 855
420 0 1 525
421 0 2 2506
422 0 2 441
423 0 2 1780
424 0 1 1175
425 0 1 983
426 0 2 422
427 0 2 957
428 0 1 619
429 0 2 524
43 0 4 1477
430 0 1 2484
431 0 1 260
432 0 1 583
433 0 1 502
434 0 1 2072
435 0 3 459
436 0 2 954
437 0 1 650
438 0 1 767
439 0 2 362
44 0 1 1621
440 0 1 2398
441 0 1 896
442 0 1 809
443 0 1 464
444 0 1 1000
445 0 1 2490
446 0 1 1020
447 0 4 757
448 0 1 278
449 0 1 674
45 0 1 459
450 0 3 1069
451 0 1 2001
452 0 2 1610
453 0 2 2128
454 0 1 453
455 0 2 334
456 0 2 781
457 0 2 525
458 0 1 932
459 0 2 451
46 0 1 1112
460 0 1 702
461 0 3 620
462 0 2 1930
463 0 2 1256
464 0 4 468
465 0 1 1073
466 0 3 784
467 0 3 282
468 0 1 501
469 0 1 454
47 0 3 569
470 0 2 1429
471 0 1 504
472 0 1 1147
473 0 2 1156
474 0 3 457
475 0 1 2158
476 0 1 1987
477 0 1 573
478 0 2 1362
479 0 2 668
48 0 3 1800
480 0 1 1449
481 0 1 1493
482 0 3 379
483 0 1 435
484 0 1 532
485 0 1 583
486 0 1 329
487 0 2 2361
488 0 1 475
489 0 1 865
49 0 1 1316
490 0 2 772
491 0 1 1049
492 0 3 685
493 0 1 2018
494 0 1 693
495 0 1 1076
496 0 2 465
497 0 1 457
498 0 1 1406
499 0 2 461
5 0 1 1247
50 0 2 1672
500 0 2 463
501 0 1 2489
502 0 1 1033
503 0 1 1655
504 0 1 667
505 0 3 1642
506 0 1 1051
507 0 2 1887
508 0 2 2490
509 0 2 761
51 0 1 768
510 0 1 344
511 0 2 630
512 0 1 541
513 0 1 297
514 0 2 1180
515 0 1 455
516 0 1 652
517 0 1 462
518 0 1 1477
519 0 1 613
52 0 1 1340
520 0 2 398
521 0 2 1074
522 0 3 630
523 0 1 511
524 0 1 470
525 0 1 749
526 0 3 1303
527 0 4 472
528 0 4 332
529 0 1 2100
53 0 1 2089
530 0 1 463
531 0 3 469
532 0 1 1145
533 0 1 481
534 0 3 2311
535 0 1 614
536 0 1 874
537 0 1 689
538 0 2 788
539 0 2 1337
54 0 1 376
540 0 2 375
541 0 2 1556
542 0 1 1263
543 0 1 438
544 0 1 2402
545 0 2 476
546 0 2 1839
547 0 1 382
548 0 1 790
549 0 1 1970
55 0 1 777
550 0 1 965
551 0 1 443
552 0 1 264
553 0 1 785
554 0 2 472
555 0 1 2404
556 0 1 475
557 0 1 781
558 0 1 769
559 0 1 757
56 0 3 484
560 0 1 1184
561 0 1 2385
562 0 1 1379
563 0 1 1684
564 0 3 447
565 0 1 983
566 0 1 868
567 0 1 596
568 0 2 576
569 0 2 1815
57 0 1 500
570 0 1 1267
571 0 1 463
572 0 1 422
573 0 1 700
574 0 2 468
575 0 2 1148
576 0 1 509
577 0 1 486
578 0 1 863
579 0 1 1702
58 0 1 980
580 0 2 725
581 0 1 486
582 0 2 1995
583 0 1 680
584 0 1 238
585 0 2 768
586 0 1 1858
587 0 3 789
588 0 1 283
589 0 3 773
59 0 1 1172
590 0 2 930
591 0 2 1999
592 0 2 1003
593 0 2 442
594 0 1 2009
595 0 1 1069
596 0 1 1576
597 0 2 237
598 0 1 448
599 0 1 1242
6 0 1 480
60 0 1 2385
600 0 1 758
601 0 1 2071
602 0 3 1054
603 0 1 289
604 0 2 2311
605 0 1 1145
606 0 1 745
607 0 3 1653
608 0 3 827
609 0 1 394
61 0 1 1500
610 0 1 601
611 0 4 590
612 0 3 667
613 0 1 1346
614 0 3 664
615 0 3 995
616 0 1 452
617 0 1 1111
618 0 1 802
619 0 1 270
62 0 2 1717
620 0 1 2496
621 0 1 969
622 0 1 370
623 0 4 478
624 0 1 2004
625 0 1 646
626 0 2 1477
627 0 1 469
628 0 1 1210
629 0 2 548
63 0 1 479
630 0 2 1655
631 0 1 997
632 0 2 2064
633 0 1 781
634 0 2 787
635 0 1 765
636 0 1 2390
637 0 2 1450
638 0 3 491
639 0 1 365
64 0 3 276
640 0 2 2491
641 0 3 488
642 0 1 285
643 0 2 829
644 0 1 1650
645 0 1 597
646 0 2 694
647 0 1 579
648 0 1 1364
649 0 1 746
65 0 3 453
650 0 2 509
651 0 3 781
652 0 1 1540
653 0 4 1503
654 0 2 2381
655 0 2 250
656 0 1 539
657 0 1 574
658 0 1 477
659 0 2 1174
66 0 1 1384
660 0 2 654
661 0 2 649
662 0 1 757
663 0 1 2052
664 0 1 694
665 0 1 446
666 0 1 2365
667 0 2 482
668 0 1 1473
669 0 2 760
67 0 1 804
670 0 1 996
671 0 1 445
672 0 4 432
673 0 1 2097
674 0 1 2180
675 0 4 513
676 0 2 498
677 0 1 1469
678 0 1 392
679 0 3 1152
68 0 2 446
680 0 1 800
681 0 3 992
682 0 1 520
683 0 2 1554
684 0 1 529
685 0 2 501
686 0 2 859
687 0 1 884
688 0 1 1036
689 0 4 258
69 0 1 995
690 0 2 1064
691 0 1 590
692 0 1 719
693 0 2 510
694 0 2 635
695 0 2 1480
696 0 1 921
697 0 1 2182
698 0 4 2113
699 0 1 1045
7 0 2 875
70 0 1 1867
700 0 3 2286
701 0 1 341
702 0 1 1476
703 0 1 1975
704 0 1 793
705 0 3 942
706 0 2 1535
707 0 3 797
708 0 1 1468
709 0 2 457
71 0 3 257
710 0 3 554
711 0 3 949
712 0 2 501
713 0 1 891
714 0 1 341
715 0 2 2286
716 0 1 871
717 0 1 402
718 0 2 2407
719 0 2 764
72 0 1 284
720 0 1 815
721 0 1 588
722 0 2 1241
723 0 1 2494
724 0 2 500
725 0 1 457
726 0 1 307
727 0 1 760
728 0 2 350
729 0 2 1817
73 0 2 988
730 0 1 1376
731 0 2 1378
732 0 2 657
733 0 1 583
734 0 1 451
735 0 2 1505
736 0 1 1158
737 0 1 1346
738 0 1 662
739 0 1 718
74 0 3 2307
740 0 1 2212
741 0 3 1558
742 0 1 2493
743 0 1 1501
744 0 1 1872
745 0 1 1775
746 0 2 468
747 0 1 1070
748 0 3 1606
749 0 2 1175
75 0 2 847
750 0 1 680
751 0 3 750
752 0 1 1995
753 0 1 2489
754 0 1 1276
755 0 1 761
756 0 3 796
757 0 1 471
758 0 1 571
759 0 1 588
76 0 2 2099
760 0 4 911
761 0 3 746
762 0 1 325
763 0 1 1665
764 0 2 1263
765 0 1 1157
766 0 1 1377
767 0 3 1276
768 0 2 482
769 0 1 1038
77 0 2 505
770 0 2 1268
771 0 1 545
772 0 2 453
773 0 2 897
774 0 3 437
775 0 3 460
776 0 4 998
777 0 1 369
778 0 3 635
779 0 1 587
78 0 2 512
780 0 1 468
781 0 1 1236
782 0 1 2319
783 0 1 362
784 0 3 1894
785 0 2 2215
786 0 1 703
787 0 1 778
788 0 1 575
789 0 2 914
79 0 1 494
790 0 1 502
791 0 2 481
792 0 1 352
793 0 1 581
794 0 1 1287
795 0 1 2066
796 0 3 827
797 0 1 911
798 0 1 1032
799 0 3 518
8 0 2 276
80 0 2 573
800 0 1 2200
801 0 2 1204
802 0 1 341
803 0 1 1094
804 0 1 1398
805 0 1 256
806 0 1 940
807 0 1 1106
808 0 1 1697
809 0 1 846
81 0 2 804
810 0 1 674
811 0 1 587
812 0 4 1197
813 0 1 2077
814 0 1 500
815 0 1 990
816 0 1 606
817 0 1 479
818 0 1 449
819 0 2 1873
82 0 1 1290
820 0 3 759
821 0 2 1115
822 0 1 795
823 0 1 568
824 0 1 452
825 0 2 931
826 0 1 1791
827 0 1 282
828 0 2 772
829 0 1 947
83 0 1 578
830 0 1 2488
831 0 1 513
832 0 2 523
833 0 4 992
834 0 2 2372
835 0 3 2190
836 0 2 339
837 0 1 627
838 0 1 1658
839 0 1 1264
84 0 2 1992
840 0 3 343
841 0 2 478
842 0 1 1898
843 0 1 437
844 0 2 733
845 0 1 767
846 0 1 789
847 0 3 1002
848 0 1 478
849 0 3 1125
85 0 3 1982
850 0 1 674
851 0 1 840
852 0 1 443
853 0 4 1223
854 0 3 369
855 0 1 891
856 0 4 457
857 0 2 1567
858 0 1 485
859 0 2 461
86 0 1 1802
860 0 1 506
861 0 1 2281
862 0 1 483
863 0 1 335
864 0 3 771
865 0 1 494
866 0 2 388
867 0 1 506
868 0 2 392
869 0 4 1583
87 0 1 672
870 0 1 1651
871 0 1 457
872 0 1 953
873 0 1 484
874 0 2 871
875 0 2 467
876 0 2 1305
877 0 2 350
878 0 1 891
879 0 1 2178
88 0 2 2155
880 0 4 737
881 0 1 1276
882 0 1 694
883 0 1 519
884 0 1 522
885 0 2 997
886 0 2 2293
887 0 4 518
888 0 3 699
889 0 3 1981
89 0 2 1996
890 0 1 392
891 0 2 558
892 0 1 402
893 0 1 613
894 0 1 444
895 0 1 1018
896 0 1 437
897 0 2 1871
898 0 1 2506
899 0 3 1878
9 0 4 689
90 0 2 2382
900 0 1 1372
901 0 3 474
902 0 1 1682
903 0 1 1645
904 0 1 457
905 0 2 2069
906 0 2 710
907 0 4 1143
908 0 1 756
909 0 1 386
91 0 2 1135
910 0 1 436
911 0 1 486
912 0 2 1214
913 0 1 1119
914 0 1 1274
915 0 1 1559
916 0 1 1396
917 0 2 1246
918 0 1 398
919 0 2 932
92 0 1 739
920 0 1 1644
921 0 1 456
922 0 2 608
923 0 2 917
924 0 2 1907
925 0 2 249
926 0 1 2310
927 0 2 395
928 0 1 990
929 0 2 292
93 0 1 466
930 0 1 472
931 0 2 804
932 0 1 882
933 0 2 431
934 0 1 548
935 0 4 560
936 0 2 1454
937 0 1 2115
938 0 2 362
939 0 3 497
94 0 3 485
940 0 1 1789
941 0 3 938
942 0 2 292
943 0 1 444
944 0 1 491
945 0 1 746
946 0 2 1850
947 0 1 273
948 0 1 1201
949 0 2 653
95 0 3 769
950 0 3 1090
951 0 1 1915
952 0 2 2117
953 0 1 277
954 0 2 2501
955 0 1 804
956 0 2 635
957 0 4 287
958 0 2 592
959 0 1 952
96 0 1 685
960 0 1 491
961 0 2 1653
962 0 1 1418
963 0 1 2178
964 0 1 1568
965 0 1 479
966 0 1 2099
967 0 2 638
968 0 1 979
969 0 1 720
97 0 1 478
970 0 4 1300
971 0 1 1548
972 0 2 961
973 0 2 406
974 0 1 1704
975 0 1 592
976 0 1 771
977 0 2 972
978 0 2 976
979 0 1 632
98 0 2 1135
980 0 1 1785
981 0 2 664
982 0 3 577
983 0 1 2501
984 0 1 504
985 0 1 1872
986 0 2 2081
987 0 1 1024
988 0 1 454
989 0 3 340
99 0 2 946
990 0 2 2004
991 0 1 890
992 0 1 494
993 0 2 447
994 0 1 1000
995 0 2 1132
996 0 2 1077
997 0 2 1575
998 0 2 957
999 0 1 798
1 1039
1 1415
10 1076
10 1221
10 1503
10 1524
10 1722
100 1190
100 1203
100 1249
100 1280
100 1404
100 1605
100 1760
1000 1099
1000 1156
1000 1279
1000 1389
1000 1431
1000 1778
101 1310
102 1112
102 1200
102 1655
102 1741
102 1763
102 1962
102 1978
103 1244
103 1270
103 1559
103 1568
103 1885
104 1347
104 1415
104 1513
104 1798
104 1868
104 1971
105 1357
105 1414
106 1381
106 1755
106 1804
106 1968
107 1354
107 1921
108 1184
109 1120
109 1225
109 1918
11 1712
11 1852
11 1932
110 1289
110 1355
110 1522
110 1736
110 1748
111 1062
111 1400
111 1456
111 1481
111 1508
111 1639
111 1651
111 1818
112 1034
112 1064
112 1162
112 1169
112 1485
112 1930
113 1160
113 1340
113 1539
113 1898
114 1066
114 1179
114 1219
114 1603
115 1659
115 1980
116 1052
116 1493
117 1175
117 1437
117 1741
117 1848
117 1943
117 1944
118 1333
118 1575
118 1934
119 1013
119 1020
119 1936
12 1484
12 1489
12 1711
12 1946
120 1068
120 1459
120 1640
120 1775
120 1904
120 1949
121 1191
121 1632
121 1713
121 1878
122 1382
122 1762
123 1737
123 1970
124 1107
124 1521
124 1769
125 1715
125 1734
126 1141
126 1363
127 1208
127 1291
127 1865
127 1988
128 1086
128 1277
128 1371
128 1396
128 1446
128 1851
128 1870
128 1953
129 1079
129 1554
129 1646
129 1734
13 1183
13 1437
13 1639
13 1688
130 1296
130 1716
130 1743
130 1774
130 1805
130 1811
130 1855
131 1116
131 1324
131 1362
131 1501
132 1224
132 1388
132 1732
133 1063
133 1343
133 1822
133 1897
134 1059
134 1690
134 1966
135 1252
135 1444
135 1552
135 1626
135 1745
136 1311
136 1313
136 1327
136 1413
137 1357
137 1435
137 1862
138 1427
138 1958
139 1378
139 1744
139 1846
14 1299
14 1563
14 1750
140 1046
140 1333
140 1585
140 1784
140 1925
141 1479
141 1578
141 1612
141 1802
141 1888
142 1302
142 1795
142 1936
143 1371
143 1397
143 1415
144 1344
144 1370
144 1818
145 1256
145 1426
145 1457
146 1252
146 1376
146 1963
147 1221
147 1676
147 1820
148 1034
148 1066
148 1099
148 1260
148 1348
148 1492
148 1639
148 1980
149 1060
149 1358
149 1577
149 1756
15 1694
15 1920
15 1988
150 1450
150 1513
150 1585
150 1687
151 1096
151 1159
151 1723
151 1998
152 1010
152 1221
152 1290
152 1630
152 1945
152 1966
153 1319
153 1673
154 1128
154 1503
155 1008
155 1026
155 1058
155 1428
156 1052
156 1215
156 1306
156 1308
156 1594
157 1621
158 1178
158 1547
158 1617
159 1097
159 1273
159 1386
159 1882
16 1106
16 1642
160 1051
160 1533
161 1421
161 1752
161 1837
162 1124
162 1128
162 1320
162 1773
162 1819
163 1107
163 1135
163 1438
163 1469
163 1583
163 1665
163 1813
163 1857
163 1997
164 1317
164 1554
164 1750
164 1898
165 1100
165 1183
165 1186
165 1547
165 1910
165 1996
166 1020
166 1041
166 1504
166 1751
166 1781
167 1035
167 1705
167 1924
167 1979
168 1227
168 1396
168 1628
169 1480
169 1895
169 1998
169 2000
17 1007
17 1042
170 1177
171 1002
171 1080
171 1607
172 1829
173 1656
173 1830
173 1847
174 1476
175 1853
175 1896
175 1998
176 1085
176 1806
176 1869
177 1203
177 1333
177 1387
178 1219
178 1511
178 1558
178 1574
179 1203
179 1258
179 1261
179 1413
179 1433
179 1473
179 1703
179 1867
18 1082
18 1295
18 1436
18 1644
18 1702
18 1758
18 1806
180 1318
180 1365
180 1615
180 1724
181 1155
181 1818
181 1910
182 1274
182 1591
182 1868
183 1482
183 1564
183 1763
183 1904
184 1162
184 1426
184 1473
184 1758
185 1070
185 1252
185 1647
185 1919
185 1992
186 1313
186 1892
186 1938
187 1175
187 1395
187 1460
187 1524
187 1691
187 1876
188 1042
188 1474
188 1591
189 1413
189 1713
189 1782
189 1929
19 1698
19 1729
19 1853
190 1148
190 1371
190 1542
190 1719
190 1736
190 1786
191 1092
191 1287
191 1801
191 1948
192 1615
192 1701
192 1811
192 1918
193 1065
193 1067
193 1272
193 1491
193 1960
193 1991
194 1176
194 1197
194 1612
194 1881
195 1017
195 1030
195 1076
195 1440
195 1894
195 1983
196 1122
196 1368
196 1584
196 1739
196 1806
196 1846
197 1026
197 1064
197 1399
197 1922
197 1949
198 1348
198 1362
199 1553
199 1746
199 1777
199 1990
2 1033
2 1657
2 1759
2 1773
2 1927
20 1197
20 1333
20 1619
200 1045
200 1221
200 1271
201 1323
201 1524
201 1816
202 1297
202 1449
202 1633
202 1916
203 1099
203 1365
203 1628
203 1798
203 1874
204 1353
204 1973
205 1429
205 1460
205 1730
206 1097
206 1212
206 1905
207 1213
207 1420
207 1546
207 1789
208 1124
208 1282
208 1663
208 1719
209 1608
209 1667
209 1727
21 1078
21 1096
21 1649
21 1887
210 1006
210 1221
210 1256
210 1647
210 1842
210 1916
211 1324
211 1461
211 1536
211 1543
211 1628
211 1629
212 1281
212 1326
212 1821
213 1155
213 1163
213 1579
214 1077
214 1277
214 1372
214 1884
214 1928
214 1969
215 1467
215 1646
215 1957
216 1208
216 1236
216 1241
216 1395
216 1585
217 1196
217 1248
217 1328
217 1376
217 1412
217 1447
217 1636
217 1814
218 1103
218 1521
218 1901
219 1406
219 1626
219 1649
219 1688
219 1733
219 1788
22 1318
22 1345
22 1407
220 1349
220 1350
220 1476
220 1992
221 1021
221 1233
221 1269
221 1314
221 1558
221 1651
222 1682
222 1718
223 1036
223 1176
223 1206
223 1231
223 1734
224 1123
224 1145
224 1292
224 1376
224 1700
224 1875
225 1026
225 1253
225 1279
225 1282
225 1598
225 1715
225 1906
226 1544
226 1733
226 1794
227 1450
227 1531
227 1742
228 1226
228 1617
228 1673
228 1871
229 1060
229 1245
229 1396
229 1461
229 1605
229 1840
229 1891
23 1110
23 1350
23 1547
23 1561
23 1950
23 1981
230 1002
230 1176
230 1794
231 1142
231 1427
231 1750
231 1757
232 1056
232 1137
232 1242
232 1303
232 1362
232 1435
232 1766
232 1827
233 1019
233 1083
233 1406
233 1634
233 1709
233 1719
233 1957
234 1240
234 1387
234 1571
235 1052
235 1470
235 1544
235 1799
235 1888
236 1094
236 1169
236 1661
236 1938
237 1492
237 1586
237 1611
237 1688
237 1878
238 1202
238 1214
238 1259
239 1108
239 1420
239 1708
239 1754
239 1950
24 1196
24 1610
24 1764
240 1063
240 1417
240 1453
240 1638
240 1706
241 1831
242 1007
242 1708
242 1736
242 1866
243 1213
243 1225
243 1412
243 1442
243 1879
244 1217
244 1251
244 1994
245 1346
245 1971
246 1204
246 1524
246 1737
246 1880
247 1084
247 1578
248 1006
248 1102
248 1166
248 1326
248 1521
249 1044
249 1465
249 1656
249 1764
25 1162
25 1171
25 1485
25 1819
25 1822
250 1089
250 1359
250 1555
250 1742
250 1999
251 1116
251 1239
251 1287
251 1641
251 1660
251 1700
251 1967
252 1117
252 1416
252 1760
252 1923
253 1147
253 1155
253 1281
253 1508
253 1624
253 1654
253 1848
254 1114
254 1168
254 1198
254 1384
254 1592
254 1860
255 1128
255 1190
255 1487
255 1708
255 1744
255 1806
255 1966
256 1062
256 1079
256 1222
256 1570
256 1827
257 1109
257 1711
258 1019
258 1509
258 1563
258 1998
259 1092
259 1217
259 1815
26 1012
26 1651
260 1011
260 1360
260 1722
260 1733
260 1954
261 1510
262 1061
262 1585
262 1595
262 1925
263 1379
263 1655
263 1719
263 1747
263 1813
264 1496
264 1659
265 1145
265 1177
265 1392
265 1801
265 1878
266 1541
266 1733
266 1975
266 1980
267 1137
267 1346
267 1410
267 1454
267 1529
267 1941
268 1233
268 1313
268 1421
268 1589
268 1864
269 1023
269 1201
269 1228
269 1422
269 1799
269 1825
269 1863
27 1239
27 1372
27 1470
27 1710
27 1760
27 1933
270 1048
270 1142
270 1275
270 1399
270 1778
270 1802
270 1842
271 1742
271 1820
271 1922
272 1404
272 1629
272 1778
273 1135
274 1800
274 1811
275 1127
275 1512
275 1913
275 1974
276 1105
276 1433
276 1624
277 1094
277 1437
277 1467
277 1675
277 1706
277 1967
278 1776
278 1790
278 1903
279 1204
279 1558
279 1622
28 1635
28 1698
28 1917
280 1650
280 1718
280 1839
281 1458
282 1115
282 1278
282 1614
282 1682
282 1724
282 1865
283 1132
283 1134
283 1947
284 1007
284 1081
284 1202
285 1781
285 1943
286 1101
286 1122
286 1193
286 1310
286 1515
286 1856
286 1989
287 1307
287 1390
287 1654
287 1753
287 1885
288 1385
288 1748
288 1843
289 1053
289 1537
289 1620
289 1702
289 1787
29 1286
29 1808
290 1098
290 1994
291 1396
291 1796
291 1986
292 1562
292 1692
292 1870
292 1940
293 1033
293 1224
293 1539
293 1682
293 1753
294 1115
294 1166
294 1341
294 1689
294 1867
295 1048
295 1365
295 1367
295 1409
295 1419
295 1587
296 1014
296 1287
296 1580
296 1858
296 1954
297 1013
297 1043
297 1599
297 1759
297 1930
298 1240
298 1348
298 1349
299 1074
299 1423
299 1501
3 1424
3 1541
3 1566
3 1698
3 1996
30 1212
30 1461
300 1164
300 1398
300 1544
300 1557
300 1840
301 1497
301 1594
301 1748
301 1855
302 1418
302 1497
302 1609
302 1828
302 1830
302 1995
303 1185
303 1197
303 1483
303 1802
304 1430
304 1882
305 1146
305 1666
305 1739
305 1969
305 1993
306 1068
306 1511
306 1784
307 1293
307 1338
307 1437
307 1978
308 1086
308 1165
308 1170
308 1228
308 1599
308 1820
309 1139
309 1406
309 1413
309 1831
309 1854
31 1136
31 1157
31 1507
310 1311
310 1600
310 1875
311 1031
311 1298
311 1889
312 1870
313 1590
313 1924
314 1374
314 1694
314 1768
314 1979
314 1991
315 1138
315 1157
315 1303
315 1359
315 1395
315 1480
315 1701
315 1975
316 1037
316 1056
317 1057
317 1114
317 1201
317 1918
318 1078
318 1748
318 1956
319 1019
319 1657
319 1754
319 1899
32 1020
32 1574
320 1852
320 1970
321 1053
321 1479
321 1704
321 1776
321 2000
322 1046
323 1456
323 1532
323 1755
323 1932
324 1022
324 1087
324 1295
324 1884
324 1941
325 1048
325 1264
325 1372
325 1828
326 1940
327 1296
328 1022
328 1250
328 1490
328 1695
328 1795
329 1044
329 1246
329 1626
329 1641
33 1665
33 1868
330 1279
330 1369
330 1696
330 1837
330 1877
331 1050
331 1470
331 1930
331 1945
332 1388
332 1657
333 1121
333 1561
333 1715
333 1995
334 1084
334 1219
334 1297
334 1467
335 1202
335 1270
335 1732
335 1925
335 1955
335 1972
336 1212
337 1141
337 1323
337 1418
337 1525
337 1879
337 1977
337 1988
338 1052
338 1220
338 1641
338 1959
339 1031
339 1380
34 1204
34 1446
34 1984
340 1070
340 1144
340 1372
340 1389
341 1162
341 1369
341 1622
341 1730
342 1028
342 1097
342 1272
342 1316
342 1612
342 1893
343 1259
343 1501
343 1751
343 1765
343 1776
343 1783
343 1797
343 1886
344 1050
344 1744
344 1881
344 1897
345 1434
345 1530
345 1645
346 1034
346 1913
347 1359
347 1555
347 1953
348 1377
348 1513
348 1532
348 1560
348 1563
348 1721
348 1857
348 1908
349 1176
349 1213
349 1868
35 1082
35 1567
35 1803
350 1203
350 1337
350 1761
351 1428
351 1740
351 1884
352 1273
352 1586
352 1762
352 1894
352 1951
353 1323
353 1600
353 1811
353 1864
354 1767
355 1039
355 1359
355 1391
355 1509
355 1593
355 1658
355 1716
355 1880
356 1864
356 1888
357 1522
357 1707
357 1714
357 1718
358 1006
358 1502
358 1654
358 1821
358 1975
359 1178
359 1237
359 1250
359 1862
36 1107
36 1805
360 1437
360 1699
360 1924
361 1149
361 1271
361 1375
361 1662
361 1907
362 1167
362 1478
362 1556
362 1769
363 1086
363 1496
363 1722
363 1956
364 1089
364 1177
364 1959
365 1468
365 1633
366 1707
366 1823
366 1975
367 1301
367 1354
367 1884
368 1174
368 1229
368 1718
368 1929
368 1961
369 1666
369 1875
369 1931
369 1982
37 1169
37 1871
37 1906
37 1963
370 1316
370 1683
370 1874
370 1912
371 1266
371 1326
371 1349
371 1513
371 1969
372 1003
372 1386
372 1516
372 1639
372 1654
373 1355
373 1686
373 1833
373 1954
374 1574
374 1959
374 1977
375 1535
375 1589
375 1677
375 1682
375 1999
376 1157
376 1214
376 1752
376 1951
377 1060
377 1277
377 1390
377 1593
377 1871
377 1970
378 1487
378 1685
379 1005
379 1212
379 1865
38 1091
38 1711
380 1043
380 1216
380 1739
381 1041
381 1831
382 1748
383 1363
383 1448
383 1803
383 1810
383 1845
383 1913
384 1137
384 1393
384 1571
384 1597
384 1641
384 1936
385 1398
385 1502
385 1515
385 1671
385 1938
386 1721
386 1808
386 1857
387 1592
387 1856
388 1573
388 1695
389 1726
39 1058
39 1887
39 1902
39 1954
390 1092
390 1139
390 1227
390 1668
391 1006
391 1271
392 1452
392 1616
393 1113
393 1610
394 1006
394 1356
395 1073
395 1408
395 1618
395 1893
396 1003
396 1594
396 1987
397 1063
397 1531
397 1777
397 1913
398 1249
398 1520
398 1545
398 1913
399 1554
399 1598
399 1749
4 1258
4 1291
4 1654
4 1878
40 1089
40 1366
40 1599
40 1690
40 1838
400 1080
400 1373
400 1533
400 1560
400 1583
400 1614
400 1634
401 1165
401 1227
401 1707
401 1713
401 1777
401 1905
402 1255
402 1269
402 1270
402 1443
402 1812
402 1952
403 1103
403 1169
403 1387
403 1718
403 1755
403 1911
404 1533
404 1844
404 1886
405 1016
405 1213
405 1342
406 1604
406 1737
407 1483
407 1491
407 1668
407 1849
408 1084
408 1445
409 1044
409 1091
409 1254
41 1433
41 1441
410 1189
410 1250
410 1347
410 1660
411 1174
411 1411
411 1766
412 1439
412 1483
413 1094
413 1509
413 1645
413 1865
414 1421
414 1888
414 1974
414 1976
415 1053
415 1123
415 1370
415 1494
415 1873
416 1148
416 1179
416 1532
416 1960
417 1147
417 1834
417 1960
418 1132
418 1247
418 1978
419 1075
419 1122
419 1229
419 1235
419 1454
419 1532
419 1649
419 1874
42 1185
420 1131
420 1165
420 1685
420 1970
421 1290
421 1422
421 1649
422 1802
423 1340
423 1489
423 1775
424 1197
424 1383
424 1399
424 1726
425 1510
426 1381
426 1639
426 1932
427 1114
427 1329
427 1458
427 1789
427 1936
427 1974
428 1131
428 1364
428 1408
428 1491
428 1572
429 1275
429 1297
429 1925
43 1112
43 1178
43 1282
430 1191
430 1225
430 1536
430 1692
430 1882
431 1003
431 1260
432 1151
432 1265
432 1805
433 1043
433 1085
433 1355
433 1488
433 1568
433 1705
433 1804
434 1012
434 1052
434 1072
434 1214
434 1739
434 1771
435 1035
435 1787
436 1595
436 1701
436 1861
436 1878
437 1507
437 1656
437 1675
438 1255
438 1424
438 1517
438 1930
439 1134
439 1136
439 1217
439 1705
439 1761
439 1772
44 1512
44 1615
440 1117
440 1207
440 1384
440 1752
440 1821
440 1863
440 1901
441 1215
441 1440
442 1661
442 1879
442 1935
443 1600
444 1294
444 1339
444 1398
444 1461
444 1582
444 1661
444 1909
445 1533
445 1548
446 1074
446 1894
446 1961
447 1606
447 1620
447 1786
448 1176
448 1342
448 1507
448 1925
448 1981
449 1404
449 1686
449 1862
449 1899
45 1152
45 1900
45 1934
450 1152
450 1559
450 1829
451 1187
451 1299
451 1530
451 1543
452 1016
452 1324
452 1825
452 1845
452 1945
453 1096
453 1305
454 1031
454 1043
454 1590
454 1993
455 1037
455 1167
455 1559
455 1647
455 1969
456 1218
456 1443
456 1622
456 1791
456 1814
456 1817
456 1868
456 1931
457 1411
457 1434
457 1830
458 1393
458 1887
459 1175
459 1331
459 1351
459 1737
459 1882
46 1098
46 1132
46 1363
460 1084
460 1335
460 1607
460 1730
460 1892
461 1121
461 1305
461 1885
462 1091
462 1431
462 1528
462 1540
462 1699
463 1485
463 1838
463 1955
464 1213
464 1269
464 1450
464 1608
464 1615
465 1162
465 1266
466 1009
466 1336
466 1872
466 1962
467 1148
467 1174
467 1256
467 1644
467 1660
468 1189
468 1296
468 1613
468 1727
469 1011
469 1032
469 1741
469 1916
469 1942
47 1072
47 1216
47 1318
47 1395
47 1412
470 1103
470 1147
470 1542
470 1686
470 1818
471 1648
471 1657
471 1750
471 1833
472 1020
472 1069
472 1219
472 1225
472 1265
472 1268
472 1307
472 1477
472 1563
472 1964
473 1012
473 1371
473 1747
473 1807
473 1889
474 1347
474 1450
474 1608
474 1652
475 1035
475 1320
475 1393
475 1967
475 1982
476 1383
476 1706
476 1821
476 1828
477 1034
477 1047
477 1330
477 1342
477 1655
477 1682
478 1001
478 1096
478 1939
479 1564
479 1764
48 1250
48 1280
48 1328
48 1387
480 1030
480 1085
480 1394
480 1425
480 1587
480 1895
481 1090
481 1180
481 1369
481 1401
481 1558
482 1107
482 1926
483 1261
483 1321
483 1548
484 1394
485 1052
485 1065
485 1451
485 1489
486 1171
487 1189
487 1427
487 1560
488 1033
488 1226
488 1252
488 1426
488 1522
488 1682
489 1010
489 1410
489 1955
49 1116
49 1672
49 1799
490 1296
490 1729
491 1640
491 1721
491 1813
491 1938
492 1090
492 1530
492 1709
492 1712
493 1005
493 1222
493 1241
493 1326
493 1366
493 1387
493 1663
493 1777
494 1036
494 1127
494 1360
494 1365
495 1248
495 1360
495 1489
495 1619
496 1062
496 1225
496 1338
496 1470
496 1699
496 1900
497 1229
497 1351
497 1555
497 1789
498 1004
498 1019
498 1337
498 1339
498 1501
498 1537
498 1858
499 1332
499 1341
499 1440
499 1641
499 1792
5 1103
5 1160
5 1239
5 1240
5 1729
50 1234
50 1276
50 1495
50 1666
50 1750
50 1853
500 1077
500 1091
500 1161
500 1304
500 1644
501 1001
501 1247
501 1647
502 1115
502 1246
502 1449
502 1523
502 1781
503 1234
503 1243
503 1749
503 1763
503 1832
503 1890
504 1072
504 1420
504 1447
504 1806
504 1920
505 1005
505 1056
505 1181
506 1037
506 1114
506 1716
507 1196
507 1511
507 1597
507 1640
507 1703
507 1945
508 1050
508 1089
508 1098
508 1488
509 1062
509 1214
509 1500
509 1654
509 1719
509 1971
51 1946
51 1994
510 1040
510 1075
511 1062
511 1075
511 1286
511 1525
511 1726
511 1727
512 1095
512 1181
512 1565
512 1572
512 1759
512 1763
513 1533
513 1538
513 1796
513 1826
513 1976
514 1137
514 1173
514 1381
514 1749
514 1782
515 1100
515 1145
515 1601
515 1840
516 1021
516 1045
516 1336
516 1627
516 1930
516 1981
517 1011
517 1308
517 1691
518 1077
518 1399
518 1571
518 1799
519 1624
519 1666
519 1687
52 1089
52 1397
52 1472
52 1860
52 1876
520 1069
520 1473
521 1047
521 1135
521 1294
521 1770
521 1782
521 1847
522 1358
522 1418
522 1914
522 1995
523 1006
523 1177
523 1233
523 1661
523 1917
523 1950
524 1093
524 1745
524 1765
524 1785
525 1040
526 1035
526 1438
526 1682
526 1861
526 1928
527 1036
528 1390
528 1937
529 1151
529 1176
529 1290
53 1264
53 1620
530 1476
530 1963
531 1186
531 1484
531 1602
531 1750
531 1832
531 1948
532 1421
532 1456
532 1575
532 1937
533 1124
533 1276
533 1372
533 1447
533 1529
533 1623
533 1786
534 1048
534 1262
534 1310
534 1335
534 1529
534 1581
534 1949
535 1007
535 1019
535 1100
535 1300
535 1742
535 1969
536 1508
536 1643
536 1683
536 1705
537 1059
537 1648
537 1673
537 1862
538 1604
538 1991
539 1173
539 1772
539 1961
54 1247
54 1814
54 1967
54 1985
540 1653
541 1343
541 1678
542 1109
542 1293
542 1623
542 1648
542 1880
543 1099
543 1257
543 1374
543 1817
543 1836
544 1210
545 1309
545 1502
545 1785
545 1827
546 1312
546 1494
546 1938
547 1105
547 1272
547 1325
547 1374
547 1571
547 1583
548 1444
548 1555
548 1613
549 1668
549 1689
55 1601
55 1720
55 1991
550 1014
550 1319
550 1464
550 1558
551 1512
551 1756
552 1087
552 1384
552 1416
552 1519
553 1257
553 1322
553 1328
553 1471
553 1541
553 1770
553 1771
554 1034
554 1040
554 1147
554 1156
554 1813
554 1940
555 1190
555 1472
555 1630
555 1871
555 1872
556 1511
556 1568
556 1724
556 1933
557 1132
557 1250
558 1258
558 1584
558 1892
558 1968
558 1996
559 1014
559 1252
559 1798
56 1025
56 1439
56 1468
56 1543
56 1762
560 1414
560 1465
560 1510
560 1559
560 1892
561 1050
561 1085
561 1163
561 1195
561 1474
561 1824
561 1840
561 1891
562 1084
562 1125
562 1190
562 1381
563 1335
563 1670
563 1725
563 1828
564 1330
564 1360
564 1855
564 1881
564 1968
565 1016
565 1532
566 1098
566 1738
566 1921
567 1030
567 1043
567 1133
567 1366
567 1413
567 1683
568 1467
568 1561
568 1663
569 1238
569 1479
569 1524
569 1830
569 1852
57 1677
57 1800
57 1898
57 1945
570 1139
570 1166
570 1489
570 1805
571 1315
571 1562
571 1906
571 1969
572 1202
572 1207
573 1458
573 1533
573 1585
573 1813
574 1765
574 1780
575 1353
575 1648
575 1649
575 1763
576 1024
576 1101
576 1949
577 1157
577 1701
577 1702
577 1753
578 1241
578 1697
578 1952
579 1036
579 1443
579 1461
579 1744
579 1863
58 1230
58 1303
58 1617
58 1844
580 1052
580 1286
580 1390
580 1662
580 1742
581 1255
581 1722
581 1775
582 1607
583 1391
583 1718
583 1828
584 1077
585 1053
585 1389
585 1419
585 1625
586 1050
586 1519
586 1727
586 1807
586 1860
586 1919
587 1587
587 1785
588 1021
588 1171
588 1302
588 1563
588 1827
588 1867
588 1888
589 1148
589 1308
589 1355
589 1451
589 1665
589 1733
59 1235
59 1488
59 1630
59 1670
59 1906
590 1534
590 1839
591 1276
591 1589
591 1710
591 1912
592 1392
592 1741
593 1247
593 1274
593 1833
594 1477
594 1628
594 1739
594 1822
594 1993
595 1104
595 1621
596 1289
596 1490
596 1518
596 1877
597 1011
597 1117
597 1958
598 1113
598 1146
598 1345
598 1905
598 1999
599 1361
599 1676
599 1725
599 1731
599 1875
599 1892
599 1951
6 1062
6 1351
6 1367
6 1800
6 1953
60 1057
60 1111
60 1468
60 1699
600 1106
600 1526
600 1534
600 1541
600 1831
600 1926
601 1311
602 1617
602 1777
602 1786
602 1827
603 1087
603 1205
603 1374
604 1475
604 1506
604 1874
604 1968
605 1103
605 1155
605 1381
606 1154
606 1159
606 1202
606 1778
607 1104
607 1245
607 1424
607 1439
607 1865
607 1967
608 1066
608 1256
608 1434
608 1962
609 1256
609 1898
609 1973
61 1441
61 1688
61 1984
610 1078
610 1167
610 1245
610 1286
610 1736
610 1804
611 1012
611 1176
611 1876
612 1042
612 1252
612 1354
612 1504
612 1546
612 1562
612 1567
612 1900
612 1932
613 1126
613 1447
613 1463
613 1549
613 1678
613 1754
614 1060
614 1355
614 1402
615 1237
615 1581
615 1665
616 1095
616 1240
616 1405
616 1544
616 1626
616 1780
617 1039
617 1171
617 1474
617 1757
618 1073
618 1124
618 1167
618 1509
618 1575
618 1639
618 1655
619 1064
619 1424
619 1564
619 1899
619 1996
619 1998
62 1108
62 1346
620 1267
620 1373
620 1416
620 1730
620 1873
621 1042
621 1357
621 1476
621 1496
622 1130
622 1475
622 1506
622 1580
623 1031
623 1136
623 1159
623 1417
623 1671
623 1783
623 1910
624 1422
624 1630
625 1230
625 1565
625 1638
625 1914
625 1999
626 1032
626 1262
627 1151
627 1170
627 1698
627 1814
627 1918
628 1123
628 1311
628 1394
628 1772
628 1927
629 1304
629 1407
629 1456
63 1080
63 1631
63 1940
630 1129
630 1220
630 1643
630 1802
631 1048
631 1243
631 1457
631 1461
631 1471
631 1825
632 1069
632 1587
632 1730
632 1842
632 1967
633 1188
633 1273
633 1757
634 1079
634 1095
634 1134
634 1260
634 1511
634 1895
634 1899
634 1929
635 1896
635 1990
636 1137
636 1253
636 1522
636 1920
637 1100
637 1334
637 1709
637 1807
637 1864
638 1130
638 1671
638 1740
638 1759
638 1781
639 1354
639 1700
639 1982
64 1054
64 1077
64 1386
64 1661
640 1012
640 1013
640 1057
640 1150
640 1292
640 1349
640 1350
640 1433
640 1487
640 1688
640 1820
641 1189
641 1400
642 1062
642 1137
642 1640
642 1773
642 1809
642 1881
643 1340
643 1701
643 1853
643 1868
643 1899
644 1040
644 1114
644 1314
644 1329
644 1403
644 1416
644 1576
645 1486
645 1587
646 1280
646 1381
646 1785
646 1879
647 1858
648 1211
648 1230
648 1343
648 1538
648 1565
648 1641
648 1709
649 1174
649 1422
649 1608
649 1646
649 1674
649 1952
65 1084
65 1123
65 1197
65 1299
65 1549
65 1835
65 1960
65 1977
650 1182
650 1773
651 1110
651 1257
651 1294
651 1717
651 1854
652 1001
652 1177
652 1660
652 1914
653 1002
653 1600
654 1103
654 1269
654 1545
654 1601
654 1696
654 1711
654 1850
654 1856
655 1597
655 1642
655 1848
656 1117
656 1164
657 1118
657 1342
657 1530
657 1634
658 1164
658 1198
658 1458
658 1738
658 1751
658 1766
658 1911
659 1443
659 1586
659 1918
66 1011
66 1294
66 1433
66 1615
660 1289
660 1307
660 1316
661 1086
661 1131
661 1141
661 1306
662 1255
662 1642
662 1708
663 1369
663 1433
663 1709
664 1203
664 1412
664 1670
664 1687
665 1153
665 1670
665 1875
666 1117
666 1375
666 1604
666 1643
666 1844
667 1142
667 1340
667 1453
667 1590
667 1594
667 1659
668 1103
668 1220
668 1389
668 1407
668 1605
669 1274
67 1380
67 1767
670 1295
670 1599
670 1996
671 1664
671 1701
671 1954
671 1969
672 1035
672 1066
672 1399
672 1463
672 1700
672 1853
673 1022
673 1175
673 1522
673 1565
673 1580
673 1960
674 1130
674 1553
674 1633
674 1688
674 1737
674 1806
675 1102
675 1161
675 1776
675 1909
675 1976
676 1113
676 1143
676 1382
676 1725
676 1749
676 1795
676 1796
677 1090
677 1580
677 1591
677 1751
678 1113
678 1673
678 1920
678 1964
678 1985
679 1456
679 1845
679 1902
68 1429
68 1482
68 1523
68 1807
68 1848
680 1073
680 1097
680 1151
680 1894
681 1041
681 1228
681 1296
681 1361
681 1367
681 1581
681 1758
682 1014
682 1917
683 1662
683 1881
683 1905
683 1951
684 1357
684 1747
684 1803
685 1185
685 1432
685 1523
686 1043
686 1291
686 1320
686 1546
686 1644
686 1794
687 1021
687 1419
687 1712
687 1872
687 1937
688 1067
688 1798
688 1971
689 1055
689 1520
689 1809
69 1056
69 1362
69 1466
69 1496
69 1568
69 1605
69 1687
69 1858
690 1018
690 1334
690 1666
690 1754
690 1791
691 1288
691 1707
692 1225
692 1291
692 1295
692 1378
692 1395
692 1524
692 1591
692 1659
693 1560
693 1603
693 1876
693 1920
694 1205
694 1262
694 1286
694 1333
694 1415
695 1012
695 1137
695 1209
695 1337
695 1405
695 1814
695 1897
695 1960
696 1073
696 1088
696 1304
696 1693
696 1711
697 1371
697 1609
698 1111
698 1118
698 1185
698 1549
699 1270
699 1326
699 1342
699 1523
699 1677
699 1752
7 1430
7 1466
7 1488
7 1909
7 1960
70 1020
70 1354
700 1433
700 1506
700 1669
700 1984
700 1996
701 1317
701 1540
701 1843
702 1151
702 1449
702 1496
702 1593
702 1630
702 1710
702 1859
702 1911
702 1945
703 1056
703 1810
704 1146
704 1369
704 1449
704 1940
704 1972
705 1332
705 1488
705 1739
705 1787
706 1107
706 1938
706 1978
707 1120
707 1482
707 1645
707 1912
708 1023
708 1055
708 1065
708 1159
708 1729
709 1006
709 1893
709 1922
71 1064
71 1496
710 1289
710 1421
710 1435
710 1439
710 1595
711 1037
711 1329
711 1333
711 1421
711 1531
711 1974
712 1031
712 1184
712 1301
713 1205
714 1066
714 1104
714 1693
714 1879
714 1960
715 1739
715 1753
716 1096
716 1742
716 1843
717 1067
717 1070
717 1310
717 1776
717 1957
717 1983
718 1692
718 1963
719 1517
719 1808
719 1970
72 1088
72 1317
72 1494
72 1829
72 1928
720 1584
721 1443
721 1628
722 1449
722 1514
723 1166
723 1852
723 1874
723 1966
724 1091
724 1548
724 1841
724 1991
725 1087
725 1248
725 1280
725 1527
725 1573
726 1090
726 1172
726 1186
727 1315
727 1409
727 1499
727 1620
727 1629
727 1850
727 1866
727 1867
728 1259
728 1389
728 1524
728 1650
729 1144
729 1168
729 1257
729 1489
729 1734
73 1195
73 1204
73 1754
73 1861
73 1911
73 1922
730 1519
730 1604
730 1648
731 1078
731 1331
731 1576
731 1795
731 1936
731 1998
732 1632
732 1929
733 1277
733 1380
734 1092
734 1108
734 1807
734 1873
735 1118
735 1148
735 1227
735 1297
735 1467
735 1870
736 1029
736 1037
736 1061
736 1415
736 1653
737 1500
737 1606
737 1744
737 1915
738 1130
738 1719
739 1144
74 1188
74 1674
74 1697
74 1733
74 1944
740 1172
740 1231
740 1499
740 1666
740 1989
741 1101
741 1418
741 1662
741 1986
742 1429
742 1469
742 1619
742 1641
743 1048
743 1118
743 1763
743 1779
744 1388
744 1881
744 1975
745 1149
745 1347
746 1268
746 1535
746 1786
746 1787
747 1333
747 1530
747 1675
747 1716
747 1894
747 1969
748 1034
748 1063
748 1231
748 1475
749 1457
749 1749
75 1457
75 1489
75 1557
75 1785
75 1894
750 1181
750 1639
750 1810
750 1853
750 1875
750 1903
751 1177
751 1410
751 1633
751 1793
752 1177
752 1376
752 1758
753 1166
753 1244
753 1550
753 1740
754 1284
754 1807
754 1921
755 1241
755 1275
755 1498
755 1620
755 1789
755 1876
756 1076
756 1361
756 1371
756 1860
756 1985
756 1997
757 1469
757 1715
757 1777
757 1904
757 1987
758 1038
758 1204
758 1330
758 1894
758 1987
759 1293
759 1340
759 1373
759 1554
76 1299
76 1338
76 1394
76 1490
76 1619
760 1182
760 1554
760 1645
760 1665
760 1778
760 1833
761 1231
761 1345
761 1530
761 1541
761 1984
762 1370
763 1315
763 1493
763 1652
763 1707
763 1834
764 1169
764 1454
765 1108
765 1176
765 1647
766 1483
766 1869
766 1898
767 1409
767 1539
767 1552
767 1584
767 1625
767 1736
767 1852
768 1101
768 1507
768 1563
768 1852
768 1920
768 1981
769 1305
769 1476
769 1612
77 1055
77 1701
77 1771
77 1965
770 1079
770 1314
771 1126
771 1168
771 1404
771 1935
771 1937
772 1275
772 1382
772 1723
772 1819
773 1547
774 1185
774 1259
774 1336
774 1497
774 1569
774 1700
774 1706
774 1931
775 1158
775 1531
775 1683
775 1708
775 1939
775 1999
776 1100
776 1246
776 1386
776 1854
776 1890
777 1122
777 1125
777 1562
778 1078
778 1344
778 1775
779 1072
779 1237
779 1513
78 1317
78 1360
78 1771
78 1897
780 1222
780 1368
781 1019
781 1036
781 1047
781 1344
781 1649
781 1729
782 1481
782 1852
783 1239
783 1950
784 1249
784 1740
784 1974
785 1116
785 1352
785 1622
785 1970
786 1224
786 1369
787 1110
787 1391
787 1584
787 1772
788 1347
788 1936
789 1470
789 1577
789 1841
79 1169
79 1518
790 1482
790 1958
791 1148
791 1283
791 1842
791 1942
792 1095
792 1098
792 1314
792 1362
792 1667
792 1817
793 1462
793 1627
793 1657
793 1851
793 1872
793 1993
794 1321
794 1356
794 1675
794 1706
794 1806
794 1873
795 1042
795 1459
795 1488
795 1531
795 1736
795 1881
795 1977
795 1990
796 1051
796 1367
796 1379
796 1685
797 1002
797 1157
797 1216
797 1599
797 1608
797 1633
798 1136
798 1213
798 1453
798 1466
798 1571
799 1276
799 1409
799 1650
8 1795
8 1976
8 1995
80 1215
80 1801
80 1921
800 1076
800 1121
800 1568
801 1107
801 1133
801 1158
801 1896
802 1150
802 1323
802 1773
802 1938
803 1502
804 1087
804 1290
804 1329
804 1438
804 1735
804 1794
804 1917
805 1273
805 1362
805 1511
806 1175
806 1561
807 1039
807 1252
807 1313
807 1646
808 1279
808 1330
808 1395
809 1108
809 1125
809 1140
809 1141
809 1168
809 1335
809 1452
809 1958
81 1593
810 1017
810 1462
810 1465
810 1606
810 1819
810 1840
811 1821
811 1849
811 1870
811 1911
811 1968
812 1254
812 1329
812 1335
812 1879
813 1359
813 1635
813 1943
814 1214
814 1232
814 1423
814 1455
814 1685
814 1718
814 1851
814 1917
815 1109
815 1426
815 1477
816 1058
816 1165
816 1522
816 1856
817 1054
817 1273
817 1493
817 1639
818 1535
818 1872
819 1044
819 1074
819 1346
819 1355
819 1572
819 1637
819 1671
819 1852
819 1950
82 1374
82 1466
82 1759
820 1431
820 1834
820 1835
820 1962
821 1369
821 1938
822 1187
822 1243
822 1561
822 1691
822 1848
823 1255
823 1323
823 1559
823 1578
823 1791
824 1263
824 1298
824 1423
824 1571
824 1640
824 1860
824 1876
824 1924
825 1116
825 1861
825 1988
826 1063
826 1205
827 1949
828 1102
828 1226
828 1299
828 1370
828 1942
829 1120
829 1284
829 1373
829 1517
829 1557
829 1670
83 1142
83 1148
830 1504
830 1598
830 1966
831 1490
832 1075
832 1686
832 1713
832 1917
832 1948
833 1071
833 1214
833 1514
833 1564
833 1887
834 1083
834 1343
834 1419
834 1698
834 1728
835 1215
835 1287
835 1564
835 1711
836 1046
836 1160
836 1415
836 1767
836 1896
837 1212
837 1547
837 1903
838 1101
838 1656
838 1823
838 1856
839 1254
839 1715
839 1770
839 1835
839 1906
839 1979
84 1564
840 1237
841 1563
841 1942
841 1943
842 1503
842 1873
842 1874
843 1024
843 1428
843 1768
843 1923
844 1101
844 1168
844 1277
844 1344
844 1505
844 1689
844 1824
844 1900
845 1142
845 1375
845 1883
846 1348
846 1782
846 1792
846 1961
847 1745
847 1914
848 1517
848 1763
848 1975
848 1986
849 1033
849 1096
849 1234
849 1338
849 1442
849 1923
85 1411
85 1625
85 1713
850 1126
850 1238
850 1259
850 1426
851 1143
851 1299
851 1330
852 1106
852 1571
852 1602
852 1818
852 1920
853 1445
854 1229
854 1243
854 1285
854 1620
854 1621
855 1064
855 1173
855 1634
856 1299
856 1658
857 1178
857 1190
857 1288
857 1741
858 1051
858 1083
858 1186
858 1473
859 1027
859 1139
859 1219
859 1374
859 1475
859 1529
859 1711
86 1138
86 1182
86 1206
86 1254
860 1199
860 1352
860 1717
861 1053
861 1423
861 1456
862 1228
862 1277
862 1516
863 1116
863 1152
863 1481
863 1902
864 1253
864 1309
864 1508
865 1584
865 1664
865 1858
865 1889
865 1932
866 1379
866 1826
866 1888
867 1332
867 1426
867 1468
867 1828
868 1112
868 1314
868 1325
868 1380
868 1433
868 1569
869 1791
869 1926
87 1153
87 1354
87 1842
87 1940
870 1061
870 1107
870 1373
870 1535
870 1569
870 1912
871 1064
871 1079
871 1308
871 1463
871 1700
872 1017
872 1397
872 1840
873 1598
873 1672
873 1982
874 1059
874 1375
874 1600
874 1622
875 1202
875 1299
875 1344
875 1588
875 1846
876 1081
876 1091
876 1168
876 1293
876 1660
876 1686
876 1764
877 1321
877 1468
877 1993
878 1239
878 1610
878 1671
878 1775
878 1965
879 1076
879 1081
879 1158
879 1187
879 1589
879 1849
879 1915
88 1489
88 1510
88 1579
88 1962
880 1172
880 1448
880 1551
880 1554
881 1033
881 1220
881 1640
881 1715
882 1028
882 1374
882 1517
883 1156
883 1180
884 1017
884 1251
884 1510
884 1767
884 1800
884 1954
885 1085
885 1346
885 1410
886 1680
887 1337
887 1599
887 1674
887 1855
888 1369
888 1435
888 1523
888 1549
888 1596
888 1667
888 1959
889 1504
89 1719
890 1052
890 1355
890 1667
890 1840
890 1972
891 1602
891 1722
892 1129
892 1304
892 1709
892 1926
893 1567
893 1581
893 1815
894 1046
894 1096
894 1189
894 1335
894 1509
894 1746
895 1187
895 1291
895 1325
895 1587
895 1674
896 1614
896 1776
897 1119
897 1366
897 1462
897 1636
898 1091
898 1406
898 1523
899 1047
899 1239
899 1745
9 1014
9 1433
90 1072
90 1164
90 1194
90 1240
90 1321
900 1018
900 1326
900 1621
900 1643
900 1809
901 1131
901 1222
901 1601
902 1481
902 1497
902 1938
903 1483
903 1559
903 1572
904 1103
904 1299
904 1407
904 1728
905 1014
905 1146
905 1210
905 1911
906 1178
906 1300
906 1360
906 1478
906 1544
907 1170
907 1199
907 1505
907 1510
907 1976
908 1015
908 1231
908 1420
908 1681
908 1737
908 1835
908 1905
909 1192
909 1471
909 1482
909 1762
909 1787
909 1938
91 1018
91 1669
91 1676
910 1245
910 1708
910 1939
911 1784
912 1135
912 1359
912 1376
912 1413
912 1588
913 1323
913 1413
913 1679
913 1779
913 1970
914 1291
914 1389
914 1673
914 1719
914 1806
915 1071
915 1375
915 1440
915 1585
915 1742
915 1865
915 1953
916 1315
917 1265
917 1359
917 1970
918 1400
918 1419
918 1505
918 1584
918 1801
919 1190
919 1394
919 1414
919 1482
919 1635
919 1661
919 1973
92 1155
92 1160
92 1472
92 1628
92 1896
920 1474
920 1497
920 1753
921 1021
921 1092
921 1123
921 1148
921 1372
921 1451
922 1237
922 1263
922 1522
922 1530
922 1650
922 1655
923 1010
923 1589
923 1751
923 1823
923 1883
924 1369
924 1715
924 1943
925 1407
925 1451
925 1518
925 1765
926 1337
926 1800
926 1956
926 1994
927 1183
927 1496
928 1068
928 1223
928 1277
928 1816
928 1825
928 1905
929 1095
929 1259
929 1536
929 1669
929 1672
929 1800
929 1986
93 1009
93 1182
93 1407
93 1539
93 1572
930 1173
930 1506
930 1734
931 1193
931 1458
931 1535
931 1844
932 1084
932 1225
932 1632
933 1391
933 1649
933 1671
933 1677
933 1771
934 1292
934 1327
934 1909
935 1049
935 1835
935 1952
936 1500
936 1581
936 1735
936 1763
937 1443
937 1470
937 1504
938 1170
938 1473
938 1894
939 1025
939 1234
939 1308
939 1332
939 1476
939 1811
94 1174
94 1220
94 1310
94 1471
94 2000
940 1150
940 1608
940 1733
940 1910
941 1717
941 1934
942 1309
942 1946
943 1045
943 1156
943 1439
943 1518
943 1907
943 1966
944 1038
944 1680
945 1170
945 1237
945 1251
945 1265
945 1520
945 1870
946 1280
946 1340
946 1602
947 1212
947 1526
947 1704
947 1815
948 1021
948 1206
949 1006
949 1091
949 1187
949 1464
949 1680
949 1732
949 1978
95 1144
95 1365
95 1618
95 1820
950 1184
950 1206
950 1893
951 1031
951 1219
951 1721
952 1014
952 1366
952 1541
952 1650
952 1772
953 1191
953 1444
953 1507
954 1134
954 1189
954 1321
954 1731
955 1028
955 1224
955 1909
955 1956
956 1139
956 1141
956 1188
956 1309
956 1847
957 1308
957 1678
957 1738
957 1822
957 1912
958 1404
958 1805
959 1124
959 1161
959 1804
96 1214
96 1251
96 1440
96 1955
960 1029
960 1916
961 1137
961 1202
961 1263
961 1272
961 1324
961 1465
962 1629
962 1909
962 1934
963 1027
963 1140
964 1078
964 1159
964 1294
965 1577
965 1631
966 1023
966 1414
966 1443
967 1091
967 1618
968 1046
968 1300
968 1392
968 1525
968 1746
968 1847
969 1437
969 1498
969 1658
969 1915
969 1958
97 1423
97 1785
97 1922
970 1615
970 1697
970 1901
971 1006
971 1490
971 1510
972 1250
972 1433
972 1547
972 1631
973 1753
973 1847
974 1035
974 1068
974 1745
974 1882
974 1901
974 1971
975 1020
975 1029
975 1241
975 1272
975 1543
975 1546
975 1887
975 1888
976 1157
976 1435
976 1836
977 1200
977 1236
977 1638
977 1663
977 1688
978 1041
978 1352
978 1633
978 1724
978 1889
979 1640
979 1859
98 1167
98 1196
98 1211
98 1244
98 1495
98 1938
98 1958
980 1157
980 1459
980 1674
980 1753
980 1955
981 1140
981 1359
981 1968
982 1023
982 1344
982 1843
983 1213
983 1288
983 1308
983 1646
984 1206
984 1213
984 1475
984 1508
984 1812
985 1156
985 1356
985 1714
986 1398
986 1554
986 1686
986 1688
986 1761
987 1043
987 1049
987 1778
987 1783
987 1949
988 1977
989 1289
989 1310
989 1452
989 1503
989 1614
989 1860
989 1958
99 1246
99 1739
990 1259
990 1739
990 1838
991 1143
991 1194
991 1343
991 1455
991 1893
992 1056
992 1302
992 1769
992 1798
993 1102
993 1544
993 1917
994 1032
995 1099
995 1239
995 1684
995 1933
995 1957
996 1034
996 1120
996 1149
996 1215
996 1696
996 1903
997 1475
997 1728
997 1779
997 1930
998 1105
998 1399
998 1481
998 1608
998 1620
998 1764
998 1892
998 1929
999 1080
999 1166
999 1588
999 1890
999 1943
