2000 8000
1 0 1 1282
10 0 1 472
100 0 2 1994
1000 0 1 669
1001 1 1 1464
1002 1 1 1423
1003 1 2 860
1004 1 1 931
1005 1 1 1454
1006 1 3 1174
1007 1 1 841
1008 1 1 723
1009 1 1 774
101 0 1 620
1010 1 2 539
1011 1 1 1232
1012 1 1 1416
1013 1 1 1220
1014 1 2 1075
1015 1 1 987
1016 1 1 912
1017 1 3 916
1018 1 2 673
1019 1 1 971
102 0 1 491
1020 1 3 1326
1021 1 1 699
1022 1 2 887
1023 1 3 990
1024 1 1 1038
1025 1 1 658
1026 1 2 831
1027 1 2 787
1028 1 2 1036
1029 1 5 1087
103 0 2 471
1030 1 2 924
1031 1 1 1298
1032 1 1 923
1033 1 3 1084
1034 1 1 1241
1035 1 1 541
1036 1 1 1362
1037 1 4 974
1038 1 1 825
1039 1 2 862
104 0 1 2150
1040 1 2 652
1041 1 2 1501
1042 1 1 980
1043 1 2 1238
1044 1 1 1013
1045 1 1 1493
1046 1 2 754
1047 1 2 1198
1048 1 2 768
1049 1 2 1349
105 0 1 2085
1050 1 1 762
1051 1 1 1057
1052 1 2 861
1053 1 1 547
1054 1 4 988
1055 1 2 1799
1056 1 1 985
1057 1 2 748
1058 1 2 1381
1059 1 2 729
106 0 1 1460
1060 1 1 660
1061 1 1 880
1062 1 2 1384
1063 1 1 1503
1064 1 1 1010
1065 1 1 951
1066 1 1 529
1067 1 1 961
1068 1 1 665
1069 1 2 1222
107 0 3 755
1070 1 1 968
1071 1 1 1189
1072 1 2 747
1073 1 1 1171
1074 1 1 514
1075 1 3 769
1076 1 3 1058
1077 1 1 707
1078 1 1 997
1079 1 2 865
108 0 1 619
1080 1 2 1073
1081 1 2 707
1082 1 3 782
1083 1 1 831
1084 1 3 1480
1085 1 2 767
1086 1 1 967
1087 1 1 740
1088 1 2 1470
1089 1 1 1080
109 0 2 1367
1090 1 1 1030
1091 1 1 897
1092 1 1 1079
1093 1 1 885
1094 1 2 1006
1095 1 1 1074
1096 1 1 875
1097 1 2 622
1098 1 3 1354
1099 1 1 696
11 0 2 441
110 0 1 361
1100 1 2 793
1101 1 2 902
1102 1 1 766
1103 1 3 1255
1104 1 3 771
1105 1 3 829
1106 1 1 1160
1107 1 1 667
1108 1 1 678
1109 1 1 1205
111 0 1 374
1110 1 4 878
1111 1 1 564
1112 1 1 1061
1113 1 1 1204
1114 1 1 1064
1115 1 1 941
1116 1 1 649
1117 1 2 1348
1118 1 1 1044
1119 1 2 1378
112 0 1 1159
1120 1 2 1171
1121 1 1 1364
1122 1 2 892
1123 1 1 554
1124 1 1 948
1125 1 3 896
1126 1 1 569
1127 1 1 685
1128 1 3 1174
1129 1 2 852
113 0 1 764
1130 1 1 566
1131 1 1 975
1132 1 1 566
1133 1 1 749
1134 1 3 1220
1135 1 1 1174
1136 1 2 1107
1137 1 1 802
1138 1 1 2499
1139 1 1 804
114 0 1 595
1140 1 1 1492
1141 1 1 661
1142 1 1 791
1143 1 1 757
1144 1 2 1251
1145 1 4 1212
1146 1 2 1008
1147 1 2 1290
1148 1 2 518
1149 1 1 968
115 0 1 674
1150 1 1 768
1151 1 1 956
1152 1 2 638
1153 1 1 1351
1154 1 1 713
1155 1 2 746
1156 1 1 926
1157 1 1 1399
1158 1 2 2499
1159 1 2 976
116 0 1 699
1160 1 2 936
1161 1 1 1799
1162 1 4 1348
1163 1 2 1450
1164 1 2 1125
1165 1 1 714
1166 1 3 855
1167 1 2 955
1168 1 4 904
1169 1 1 835
117 0 2 451
1170 1 1 739
1171 1 1 959
1172 1 1 863
1173 1 3 1388
1174 1 1 1352
1175 1 1 766
1176 1 3 1493
1177 1 1 1055
1178 1 1 972
1179 1 1 1523
118 0 1 673
1180 1 3 1188
1181 1 1 1193
1182 1 1 1167
1183 1 1 1469
1184 1 2 910
1185 1 1 849
1186 1 3 738
1187 1 4 876
1188 1 1 744
1189 1 1 905
119 0 2 1416
1190 1 1 1489
1191 1 1 494
1192 1 1 1023
1193 1 3 541
1194 1 1 956
1195 1 2 960
1196 1 1 1277
1197 1 1 1163
1198 1 1 1368
1199 1 2 1457
12 0 1 1209
120 0 1 494
1200 1 2 959
1201 1 1 1385
1202 1 1 658
1203 1 2 774
1204 1 2 691
1205 1 1 1039
1206 1 1 559
1207 1 1 798
1208 1 1 934
1209 1 1 1485
121 0 1 375
1210 1 1 857
1211 1 1 1177
1212 1 4 605
1213 1 1 508
1214 1 1 771
1215 1 1 1360
1216 1 3 1058
1217 1 1 868
1218 1 2 1088
1219 1 2 1255
122 0 1 2080
1220 1 2 986
1221 1 1 904
1222 1 1 547
1223 1 1 924
1224 1 1 927
1225 1 2 1447
1226 1 1 801
1227 1 2 1348
1228 1 1 1092
1229 1 1 750
123 0 4 1272
1230 1 1 762
1231 1 1 805
1232 1 1 579
1233 1 2 1463
1234 1 2 1226
1235 1 3 824
1236 1 1 1196
1237 1 1 788
1238 1 1 1263
1239 1 1 583
124 0 2 530
1240 1 3 950
1241 1 1 998
1242 1 3 777
1243 1 2 1099
1244 1 2 1128
1245 1 2 948
1246 1 4 769
1247 1 1 565
1248 1 3 1182
1249 1 2 1062
125 0 1 1261
1250 1 1 859
1251 1 2 740
1252 1 2 780
1253 1 1 1365
1254 1 1 945
1255 1 2 569
1256 1 3 546
1257 1 1 807
1258 1 1 1157
1259 1 2 971
126 0 4 1784
1260 1 1 973
1261 1 2 982
1262 1 1 1363
1263 1 1 895
1264 1 2 1215
1265 1 2 1225
1266 1 1 1370
1267 1 1 710
1268 1 1 1179
1269 1 2 1356
127 0 1 862
1270 1 1 1444
1271 1 2 1427
1272 1 1 1138
1273 1 2 1473
1274 1 4 669
1275 1 1 590
1276 1 2 1160
1277 1 2 1268
1278 1 4 828
1279 1 1 664
128 0 1 2509
1280 1 3 1501
1281 1 1 891
1282 1 1 785
1283 1 2 687
1284 1 1 574
1285 1 3 1257
1286 1 2 676
1287 1 1 1060
1288 1 2 1238
1289 1 1 508
129 0 1 1990
1290 1 1 706
1291 1 3 758
1292 1 4 2499
1293 1 1 772
1294 1 2 1496
1295 1 1 728
1296 1 1 1151
1297 1 2 781
1298 1 1 946
1299 1 2 937
13 0 3 562
130 0 2 298
1300 1 1 560
1301 1 1 1342
1302 1 1 1142
1303 1 1 1185
1304 1 2 783
1305 1 4 959
1306 1 1 778
1307 1 1 517
1308 1 1 1009
1309 1 1 709
131 0 1 366
1310 1 3 990
1311 1 2 710
1312 1 1 842
1313 1 2 881
1314 1 1 929
1315 1 4 668
1316 1 2 1464
1317 1 4 862
1318 1 1 637
1319 1 1 1484
132 0 1 689
1320 1 1 708
1321 1 1 927
1322 1 1 549
1323 1 2 1380
1324 1 2 825
1325 1 2 557
1326 1 1 1341
1327 1 2 1468
1328 1 2 896
1329 1 2 654
133 0 1 1619
1330 1 1 581
1331 1 2 1176
1332 1 1 1038
1333 1 4 780
1334 1 1 960
1335 1 1 968
1336 1 2 911
1337 1 3 856
1338 1 1 968
1339 1 1 518
134 0 1 456
1340 1 1 1799
1341 1 2 939
1342 1 1 570
1343 1 2 1105
1344 1 1 1469
1345 1 2 1058
1346 1 4 791
1347 1 1 1030
1348 1 2 1198
1349 1 1 857
135 0 1 1632
1350 1 1 792
1351 1 1 978
1352 1 1 491
1353 1 1 562
1354 1 3 1149
1355 1 2 1189
1356 1 1 881
1357 1 1 679
1358 1 2 1486
1359 1 1 841
136 0 2 2096
1360 1 1 737
1361 1 3 567
1362 1 1 1015
1363 1 2 861
1364 1 2 1088
1365 1 3 738
1366 1 1 896
1367 1 1 1799
1368 1 1 1216
1369 1 1 1118
137 0 1 584
1370 1 3 1359
1371 1 1 1529
1372 1 3 910
1373 1 1 1187
1374 1 1 746
1375 1 1 1140
1376 1 4 1253
1377 1 3 1004
1378 1 3 668
1379 1 3 885
138 0 1 2495
1380 1 1 737
1381 1 1 1476
1382 1 2 1077
1383 1 2 795
1384 1 1 1053
1385 1 2 1067
1386 1 1 1049
1387 1 2 808
1388 1 3 963
1389 1 2 1514
139 0 1 1332
1390 1 2 804
1391 1 1 1004
1392 1 1 757
1393 1 2 1324
1394 1 1 939
1395 1 1 1138
1396 1 1 1083
1397 1 3 1144
1398 1 1 1352
1399 1 1 602
14 0 1 1560
140 0 2 2406
1400 1 1 730
1401 1 1 747
1402 1 2 672
1403 1 2 1192
1404 1 1 1169
1405 1 1 595
1406 1 1 1056
1407 1 2 1346
1408 1 1 1416
1409 1 1 1011
141 0 1 532
1410 1 2 1045
1411 1 1 560
1412 1 4 830
1413 1 1 928
1414 1 2 657
1415 1 1 836
1416 1 1 889
1417 1 1 1180
1418 1 1 1159
1419 1 4 1349
142 0 1 2286
1420 1 3 847
1421 1 3 972
1422 1 2 885
1423 1 1 948
1424 1 2 886
1425 1 2 1442
1426 1 1 1265
1427 1 1 1078
1428 1 1 846
1429 1 3 2499
143 0 2 481
1430 1 2 718
1431 1 2 1085
1432 1 2 2499
1433 1 1 886
1434 1 1 822
1435 1 1 1347
1436 1 1 667
1437 1 1 904
1438 1 1 539
1439 1 2 514
144 0 1 763
1440 1 2 1367
1441 1 1 519
1442 1 1 625
1443 1 1 908
1444 1 1 587
1445 1 1 1172
1446 1 1 834
1447 1 2 667
1448 1 2 1451
1449 1 1 840
145 0 1 1823
1450 1 1 674
1451 1 1 870
1452 1 1 730
1453 1 1 582
1454 1 2 920
1455 1 1 895
1456 1 1 768
1457 1 3 730
1458 1 1 993
1459 1 2 815
146 0 1 2108
1460 1 3 935
1461 1 2 543
1462 1 1 907
1463 1 2 826
1464 1 3 1799
1465 1 1 956
1466 1 1 1134
1467 1 3 1063
1468 1 2 1472
1469 1 1 954
147 0 1 988
1470 1 2 1416
1471 1 2 517
1472 1 1 1197
1473 1 1 1402
1474 1 3 813
1475 1 1 790
1476 1 1 1199
1477 1 1 630
1478 1 2 661
1479 1 3 1388
148 0 2 909
1480 1 1 1487
1481 1 1 1359
1482 1 1 586
1483 1 1 783
1484 1 1 811
1485 1 1 1143
1486 1 1 866
1487 1 1 842
1488 1 1 977
1489 1 1 961
149 0 1 2367
1490 1 1 559
1491 1 2 735
1492 1 2 1396
1493 1 1 971
1494 1 1 962
1495 1 1 800
1496 1 1 633
1497 1 1 1248
1498 1 4 543
1499 1 3 789
15 0 1 534
150 0 1 739
1500 1 1 883
1501 1 1 530
1502 1 2 1044
1503 1 1 646
1504 1 3 594
1505 1 3 980
1506 1 1 734
1507 1 2 544
1508 1 1 757
1509 1 2 1486
151 0 3 302
1510 1 2 1512
1511 1 2 1518
1512 1 2 801
1513 1 3 908
1514 1 1 871
1515 1 2 952
1516 1 2 664
1517 1 1 538
1518 1 1 966
1519 1 1 956
152 0 1 509
1520 1 1 936
1521 1 1 1386
1522 1 1 1075
1523 1 1 1226
1524 1 2 1390
1525 1 3 713
1526 1 1 1167
1527 1 1 960
1528 1 1 1091
1529 1 1 975
153 0 2 1872
1530 1 3 545
1531 1 2 1085
1532 1 1 1025
1533 1 3 885
1534 1 1 889
1535 1 4 1460
1536 1 3 749
1537 1 2 1180
1538 1 1 926
1539 1 1 824
154 0 1 2130
1540 1 2 1224
1541 1 2 1103
1542 1 2 737
1543 1 1 996
1544 1 1 912
1545 1 1 1120
1546 1 1 503
1547 1 1 665
1548 1 1 1053
1549 1 3 942
155 0 2 586
1550 1 1 1163
1551 1 1 994
1552 1 1 1435
1553 1 3 679
1554 1 1 778
1555 1 3 723
1556 1 1 950
1557 1 2 822
1558 1 1 827
1559 1 3 1338
156 0 2 1480
1560 1 1 577
1561 1 2 774
1562 1 2 845
1563 1 1 817
1564 1 1 758
1565 1 2 745
1566 1 3 610
1567 1 1 999
1568 1 1 752
1569 1 2 505
157 0 2 852
1570 1 1 1441
1571 1 1 798
1572 1 2 852
1573 1 2 948
1574 1 2 890
1575 1 2 828
1576 1 2 934
1577 1 2 746
1578 1 2 858
1579 1 1 1404
158 0 2 2298
1580 1 2 1471
1581 1 1 968
1582 1 2 1167
1583 1 1 742
1584 1 1 642
1585 1 1 826
1586 1 1 681
1587 1 3 883
1588 1 2 773
1589 1 2 511
159 0 1 522
1590 1 1 913
1591 1 1 1482
1592 1 1 800
1593 1 1 962
1594 1 1 646
1595 1 1 831
1596 1 1 765
1597 1 1 862
1598 1 1 562
1599 1 1 574
16 0 1 2097
160 0 1 1284
1600 1 2 1027
1601 1 1 917
1602 1 1 863
1603 1 2 556
1604 1 1 976
1605 1 1 585
1606 1 3 1475
1607 1 1 1073
1608 1 1 860
1609 1 2 747
161 0 1 1283
1610 1 1 1182
1611 1 5 1509
1612 1 1 1484
1613 1 2 1267
1614 1 1 1180
1615 1 2 1400
1616 1 1 1072
1617 1 2 846
1618 1 1 826
1619 1 3 847
162 0 1 659
1620 1 3 669
1621 1 1 1016
1622 1 1 1476
1623 1 2 671
1624 1 1 573
1625 1 1 944
1626 1 1 1073
1627 1 1 914
1628 1 1 643
1629 1 1 740
163 0 1 1406
1630 1 2 1367
1631 1 1 857
1632 1 4 1011
1633 1 1 772
1634 1 2 1375
1635 1 1 1439
1636 1 2 775
1637 1 1 1369
1638 1 1 848
1639 1 1 1282
164 0 2 596
1640 1 1 1444
1641 1 1 854
1642 1 1 679
1643 1 1 1242
1644 1 2 939
1645 1 2 1127
1646 1 2 1203
1647 1 1 1155
1648 1 1 664
1649 1 2 809
165 0 2 785
1650 1 1 1355
1651 1 1 1183
1652 1 2 542
1653 1 1 1011
1654 1 2 654
1655 1 1 566
1656 1 1 549
1657 1 2 1469
1658 1 3 494
1659 1 1 1181
166 0 1 361
1660 1 1 907
1661 1 3 1395
1662 1 1 1382
1663 1 2 662
1664 1 1 1189
1665 1 3 546
1666 1 1 554
1667 1 2 780
1668 1 2 1072
1669 1 1 673
167 0 2 275
1670 1 2 919
1671 1 2 906
1672 1 2 812
1673 1 1 630
1674 1 1 1362
1675 1 1 765
1676 1 2 1363
1677 1 1 1235
1678 1 3 562
1679 1 1 528
168 0 1 824
1680 1 4 1202
1681 1 1 543
1682 1 3 513
1683 1 2 1025
1684 1 1 1361
1685 1 1 666
1686 1 1 780
1687 1 3 1060
1688 1 1 1392
1689 1 1 750
169 0 1 449
1690 1 2 577
1691 1 2 772
1692 1 1 1383
1693 1 1 912
1694 1 1 1177
1695 1 3 1459
1696 1 1 747
1697 1 4 560
1698 1 1 1365
1699 1 1 1218
17 0 5 1908
170 0 1 491
1700 1 1 1068
1701 1 1 1222
1702 1 2 764
1703 1 1 1268
1704 1 1 1114
1705 1 1 612
1706 1 1 544
1707 1 2 1060
1708 1 1 617
1709 1 1 550
171 0 3 2007
1710 1 1 852
1711 1 1 576
1712 1 1 950
1713 1 1 865
1714 1 2 1425
1715 1 3 1268
1716 1 2 985
1717 1 1 1243
1718 1 1 1069
1719 1 1 697
172 0 2 964
1720 1 3 867
1721 1 1 948
1722 1 2 735
1723 1 2 1164
1724 1 2 549
1725 1 1 1439
1726 1 2 533
1727 1 1 838
1728 1 2 494
1729 1 1 1106
173 0 1 910
1730 1 1 689
1731 1 1 1463
1732 1 1 562
1733 1 2 1204
1734 1 3 558
1735 1 2 1145
1736 1 2 1179
1737 1 2 729
1738 1 2 553
1739 1 1 1031
174 0 3 1883
1740 1 1 1471
1741 1 1 1318
1742 1 1 971
1743 1 1 767
1744 1 3 763
1745 1 2 786
1746 1 1 776
1747 1 1 1161
1748 1 1 730
1749 1 3 846
175 0 1 1349
1750 1 1 517
1751 1 2 564
1752 1 1 500
1753 1 2 611
1754 1 2 1146
1755 1 1 540
1756 1 1 682
1757 1 1 552
1758 1 1 880
1759 1 3 1491
176 0 1 776
1760 1 1 1250
1761 1 1 659
1762 1 1 1202
1763 1 2 1204
1764 1 1 995
1765 1 1 1471
1766 1 3 1482
1767 1 2 1147
1768 1 1 774
1769 1 4 1021
177 0 2 1500
1770 1 1 1122
1771 1 1 1065
1772 1 2 661
1773 1 3 674
1774 1 2 562
1775 1 2 674
1776 1 1 804
1777 1 1 697
1778 1 2 862
1779 1 2 1258
178 0 2 571
1780 1 1 1258
1781 1 1 1228
1782 1 2 817
1783 1 1 948
1784 1 3 936
1785 1 1 1413
1786 1 1 631
1787 1 1 1139
1788 1 3 569
1789 1 1 894
179 0 1 1034
1790 1 3 1060
1791 1 2 672
1792 1 2 1458
1793 1 1 802
1794 1 1 560
1795 1 1 972
1796 1 1 1185
1797 1 1 740
1798 1 1 650
1799 1 2 1001
18 0 1 440
180 0 1 2374
1800 1 1 1432
1801 1 4 561
1802 1 1 859
1803 1 3 1194
1804 1 2 1491
1805 1 4 1034
1806 1 1 1053
1807 1 1 723
1808 1 1 630
1809 1 1 796
181 0 1 273
1810 1 1 1063
1811 1 2 946
1812 1 1 568
1813 1 2 643
1814 1 4 1180
1815 1 1 991
1816 1 3 540
1817 1 1 613
1818 1 2 993
1819 1 2 790
182 0 1 601
1820 1 1 1105
1821 1 4 547
1822 1 4 1232
1823 1 2 678
1824 1 1 690
1825 1 2 790
1826 1 1 954
1827 1 3 973
1828 1 2 1487
1829 1 1 986
183 0 1 388
1830 1 1 724
1831 1 2 754
1832 1 3 1173
1833 1 1 750
1834 1 1 1258
1835 1 1 964
1836 1 1 803
1837 1 1 535
1838 1 1 641
1839 1 1 636
184 0 1 914
1840 1 1 747
1841 1 1 888
1842 1 1 1059
1843 1 4 693
1844 1 1 1186
1845 1 1 940
1846 1 1 1406
1847 1 1 1422
1848 1 3 958
1849 1 4 1018
185 0 1 1506
1850 1 1 964
1851 1 1 540
1852 1 2 1451
1853 1 2 1506
1854 1 1 867
1855 1 1 1183
1856 1 1 1338
1857 1 1 673
1858 1 3 1044
1859 1 2 1076
186 0 1 860
1860 1 1 1062
1861 1 1 1117
1862 1 2 830
1863 1 2 723
1864 1 1 832
1865 1 1 1504
1866 1 1 764
1867 1 1 1499
1868 1 1 1096
1869 1 4 1462
187 0 2 882
1870 1 1 1035
1871 1 1 539
1872 1 1 954
1873 1 1 904
1874 1 2 724
1875 1 1 1248
1876 1 2 819
1877 1 1 997
1878 1 4 1036
1879 1 3 1457
188 0 1 1071
1880 1 1 543
1881 1 1 766
1882 1 2 563
1883 1 1 1034
1884 1 2 1163
1885 1 1 1027
1886 1 1 1521
1887 1 1 811
1888 1 1 1092
1889 1 2 996
189 0 2 617
1890 1 1 996
1891 1 1 545
1892 1 2 640
1893 1 1 1258
1894 1 2 1214
1895 1 1 946
1896 1 1 729
1897 1 1 1448
1898 1 3 1071
1899 1 4 777
19 0 3 2062
190 0 1 479
1900 1 1 931
1901 1 2 870
1902 1 2 684
1903 1 1 665
1904 1 1 519
1905 1 1 1379
1906 1 1 835
1907 1 1 892
1908 1 1 866
1909 1 2 903
191 0 2 1836
1910 1 3 707
1911 1 1 1153
1912 1 3 1482
1913 1 1 879
1914 1 2 938
1915 1 1 1029
1916 1 1 1378
1917 1 2 494
1918 1 1 831
1919 1 1 523
192 0 1 469
1920 1 2 1038
1921 1 3 777
1922 1 2 711
1923 1 1 1172
1924 1 3 1429
1925 1 1 902
1926 1 1 764
1927 1 2 1362
1928 1 1 523
1929 1 1 851
193 0 1 807
1930 1 2 774
1931 1 3 773
1932 1 1 1163
1933 1 1 708
1934 1 1 1115
1935 1 2 1473
1936 1 1 973
1937 1 1 578
1938 1 1 867
1939 1 1 1383
194 0 1 1872
1940 1 2 651
1941 1 1 665
1942 1 2 728
1943 1 1 1197
1944 1 3 985
1945 1 2 613
1946 1 2 1472
1947 1 1 775
1948 1 1 1199
1949 1 2 967
195 0 1 1380
1950 1 1 699
1951 1 2 956
1952 1 1 763
1953 1 2 583
1954 1 1 1109
1955 1 1 1082
1956 1 3 822
1957 1 1 527
1958 1 2 577
1959 1 1 685
196 0 4 1436
1960 1 2 745
1961 1 1 1169
1962 1 1 847
1963 1 2 883
1964 1 2 1216
1965 1 3 1144
1966 1 1 1206
1967 1 1 748
1968 1 1 582
1969 1 2 1443
197 0 1 1312
1970 1 2 860
1971 1 1 1193
1972 1 1 1096
1973 1 1 1151
1974 1 2 766
1975 1 1 889
1976 1 1 612
1977 1 1 1481
1978 1 1 858
1979 1 1 782
198 0 1 684
1980 1 1 1223
1981 1 1 1354
1982 1 1 590
1983 1 4 860
1984 1 1 582
1985 1 2 943
1986 1 1 1035
1987 1 1 1364
1988 1 2 826
1989 1 1 539
199 0 1 818
1990 1 2 842
1991 1 2 998
1992 1 1 1050
1993 1 4 979
1994 1 1 966
1995 1 3 944
1996 1 1 1050
1997 1 1 571
1998 1 1 669
1999 1 1 997
2 0 3 871
20 0 1 969
200 0 1 1603
2000 1 2 873
201 0 2 782
202 0 1 499
203 0 1 452
204 0 1 746
205 0 2 454
206 0 2 674
207 0 2 455
208 0 2 501
209 0 2 1661
21 0 2 471
210 0 1 697
211 0 1 823
212 0 1 1242
213 0 2 1781
214 0 2 1385
215 0 1 1788
216 0 2 2318
217 0 1 740
218 0 4 2072
219 0 3 2118
22 0 2 669
220 0 2 1976
221 0 4 1227
222 0 1 1265
223 0 1 1493
224 0 2 777
225 0 2 882
226 0 1 884
227 0 2 539
228 0 1 287
229 0 1 542
23 0 1 971
230 0 1 349
231 0 1 1972
232 0 1 397
233 0 1 358
234 0 1 943
235 0 1 2148
236 0 2 2001
237 0 1 884
238 0 2 708
239 0 2 361
24 0 3 1173
240 0 3 752
241 0 1 498
242 0 2 800
243 0 4 512
244 0 2 627
245 0 1 1773
246 0 3 545
247 0 1 547
248 0 2 1028
249 0 1 2178
25 0 1 646
250 0 1 555
251 0 1 544
252 0 2 572
253 0 1 673
254 0 1 396
255 0 1 438
256 0 1 2006
257 0 1 589
258 0 1 909
259 0 2 468
26 0 4 1562
260 0 1 2123
261 0 1 460
262 0 2 640
263 0 1 739
264 0 3 2317
265 0 1 979
266 0 1 1657
267 0 2 436
268 0 3 1178
269 0 1 957
27 0 1 357
270 0 1 1011
271 0 1 1989
272 0 1 1240
273 0 1 789
274 0 1 987
275 0 4 468
276 0 2 550
277 0 2 684
278 0 2 1996
279 0 1 530
28 0 1 1113
280 0 2 1221
281 0 1 1396
282 0 4 959
283 0 2 623
284 0 1 1545
285 0 2 979
286 0 1 561
287 0 2 1192
288 0 1 554
289 0 1 482
29 0 2 642
290 0 1 909
291 0 1 277
292 0 1 1078
293 0 1 689
294 0 1 1002
295 0 1 2285
296 0 1 454
297 0 1 642
298 0 1 453
299 0 2 1597
3 0 2 679
30 0 2 459
300 0 2 702
301 0 2 376
302 0 1 1208
303 0 1 1151
304 0 3 1637
305 0 1 1166
306 0 3 1763
307 0 1 1632
308 0 1 1257
309 0 1 1617
31 0 2 1042
310 0 1 735
311 0 3 466
312 0 1 430
313 0 1 472
314 0 3 490
315 0 2 1789
316 0 1 388
317 0 1 478
318 0 2 935
319 0 1 759
32 0 1 556
320 0 2 468
321 0 2 523
322 0 1 786
323 0 1 578
324 0 1 2188
325 0 1 362
326 0 1 1012
327 0 1 1547
328 0 1 530
329 0 1 1514
33 0 2 804
330 0 1 1172
331 0 1 2394
332 0 1 606
333 0 1 2086
334 0 1 635
335 0 1 2093
336 0 1 481
337 0 2 731
338 0 2 2404
339 0 1 666
34 0 1 579
340 0 1 1013
341 0 1 455
342 0 2 370
343 0 1 1601
344 0 4 1618
345 0 1 1910
346 0 2 461
347 0 1 965
348 0 2 675
349 0 1 465
35 0 1 1038
350 0 1 1271
351 0 1 524
352 0 1 1859
353 0 1 391
354 0 2 314
355 0 1 815
356 0 1 696
357 0 2 883
358 0 1 1137
359 0 1 1032
36 0 1 469
360 0 2 1820
361 0 2 586
362 0 2 1480
363 0 1 161
364 0 2 2387
365 0 1 2058
366 0 2 1452
367 0 1 402
368 0 1 756
369 0 1 477
37 0 2 802
370 0 1 485
371 0 1 1787
372 0 1 522
373 0 2 943
374 0 2 1158
375 0 2 1783
376 0 2 581
377 0 1 2115
378 0 1 1000
379 0 2 481
38 0 1 306
380 0 3 1128
381 0 1 1695
382 0 2 1589
383 0 1 1141
384 0 1 1375
385 0 1 766
386 0 2 535
387 0 1 2367
388 0 1 787
389 0 1 220
39 0 1 540
390 0 2 772
391 0 1 452
392 0 3 668
393 0 2 1057
394 0 1 1124
395 0 4 581
396 0 1 800
397 0 2 580
398 0 2 1017
399 0 1 524
4 0 1 439
40 0 2 1517
400 0 2 554
401 0 3 1628
402 0 1 418
403 0 1 992
404 0 2 467
405 0 2 563
406 0 2 395
407 0 4 661
408 0 2 561
409 0 2 484
41 0 1 549
410 0 1 946
411 0 4 465
412 0 1 497
413 0 2 463
414 0 2 319
415 0 2 1880
416 0 2 469
417 0 5 1142
418 0 2 479
419 0 1 801
42 0 2 324
420 0 3 630
421 0 1 1980
422 0 4 2284
423 0 1 810
424 0 2 363
425 0 1 505
426 0 1 1937
427 0 1 880
428 0 2 1025
429 0 1 1041
43 0 1 1730
430 0 2 484
431 0 1 1687
432 0 3 2309
433 0 3 493
434 0 2 533
435 0 1 559
436 0 1 334
437 0 1 1784
438 0 1 494
439 0 2 541
44 0 1 525
440 0 3 2018
441 0 3 1371
442 0 1 1495
443 0 1 1175
444 0 2 1440
445 0 1 1975
446 0 2 972
447 0 1 1777
448 0 1 1488
449 0 1 572
45 0 2 2096
450 0 2 765
451 0 1 1023
452 0 2 1093
453 0 1 663
454 0 2 1022
455 0 1 2290
456 0 3 354
457 0 2 497
458 0 1 1482
459 0 2 1990
46 0 1 744
460 0 1 1463
461 0 1 462
462 0 1 247
463 0 2 875
464 0 2 1477
465 0 3 1183
466 0 1 359
467 0 1 885
468 0 2 588
469 0 1 640
47 0 1 776
470 0 1 445
471 0 1 709
472 0 1 1663
473 0 1 1802
474 0 1 499
475 0 4 1821
476 0 2 2008
477 0 2 513
478 0 1 1178
479 0 1 813
48 0 3 1060
480 0 1 433
481 0 1 709
482 0 1 261
483 0 2 2376
484 0 1 1074
485 0 1 529
486 0 1 768
487 0 1 1983
488 0 3 2145
489 0 3 820
49 0 1 2221
490 0 3 331
491 0 1 1796
492 0 2 440
493 0 2 1186
494 0 1 547
495 0 1 2368
496 0 2 2080
497 0 1 1246
498 0 1 294
499 0 3 362
5 0 1 467
50 0 1 1785
500 0 1 1028
501 0 1 504
502 0 1 1182
503 0 1 1870
504 0 2 1458
505 0 2 859
506 0 2 767
507 0 1 918
508 0 1 497
509 0 1 485
51 0 2 779
510 0 1 466
511 0 2 1375
512 0 2 482
513 0 2 933
514 0 1 883
515 0 2 1513
516 0 2 1089
517 0 2 1983
518 0 1 2259
519 0 1 754
52 0 1 2280
520 0 1 1872
521 0 3 440
522 0 1 2379
523 0 4 1204
524 0 1 841
525 0 1 469
526 0 2 1632
527 0 1 478
528 0 1 2480
529 0 1 455
53 0 4 579
530 0 3 580
531 0 2 735
532 0 2 970
533 0 2 1029
534 0 1 1237
535 0 1 1988
536 0 1 2074
537 0 3 1902
538 0 2 603
539 0 1 1064
54 0 1 1513
540 0 1 461
541 0 2 455
542 0 3 707
543 0 1 998
544 0 1 2083
545 0 1 1473
546 0 1 470
547 0 2 1378
548 0 1 435
549 0 2 478
55 0 1 984
550 0 1 488
551 0 2 480
552 0 1 1154
553 0 4 1324
554 0 1 488
555 0 1 802
556 0 2 1578
557 0 1 1764
558 0 3 866
559 0 1 763
56 0 1 2078
560 0 2 1492
561 0 1 778
562 0 2 277
563 0 1 1075
564 0 1 564
565 0 1 2044
566 0 1 781
567 0 3 698
568 0 3 1320
569 0 1 2002
57 0 1 1288
570 0 3 2501
571 0 2 337
572 0 1 811
573 0 2 2501
574 0 1 1976
575 0 1 759
576 0 2 645
577 0 3 444
578 0 1 1779
579 0 1 781
58 0 2 1374
580 0 1 544
581 0 2 698
582 0 1 2397
583 0 2 764
584 0 1 455
585 0 1 732
586 0 2 468
587 0 1 1765
588 0 1 2484
589 0 1 1271
59 0 2 666
590 0 1 1848
591 0 1 483
592 0 1 1015
593 0 1 616
594 0 2 260
595 0 1 499
596 0 1 954
597 0 3 954
598 0 2 1660
599 0 2 351
6 0 2 463
60 0 1 548
600 0 2 386
601 0 3 339
602 0 1 1157
603 0 1 2085
604 0 1 579
605 0 2 521
606 0 3 543
607 0 1 2224
608 0 2 778
609 0 2 475
61 0 1 782
610 0 4 1264
611 0 2 486
612 0 1 1279
613 0 1 1801
614 0 1 970
615 0 3 876
616 0 1 378
617 0 3 2294
618 0 1 471
619 0 4 2301
62 0 2 769
620 0 1 350
621 0 1 449
622 0 1 2364
623 0 1 2414
624 0 1 442
625 0 2 559
626 0 2 589
627 0 1 501
628 0 1 2390
629 0 1 784
63 0 2 529
630 0 2 822
631 0 1 338
632 0 2 381
633 0 1 1793
634 0 3 792
635 0 1 577
636 0 2 786
637 0 1 669
638 0 1 956
639 0 2 612
64 0 2 515
640 0 1 525
641 0 2 955
642 0 3 1681
643 0 1 796
644 0 1 514
645 0 1 567
646 0 1 657
647 0 1 228
648 0 3 349
649 0 1 1262
65 0 1 1778
650 0 2 685
651 0 2 1505
652 0 2 609
653 0 1 2492
654 0 1 363
655 0 2 703
656 0 1 1272
657 0 1 1179
658 0 2 372
659 0 1 395
66 0 4 949
660 0 1 1847
661 0 1 258
662 0 2 752
663 0 4 729
664 0 3 1290
665 0 1 1579
666 0 1 1760
667 0 3 1783
668 0 3 597
669 0 1 1983
67 0 1 2151
670 0 1 1348
671 0 1 924
672 0 1 1244
673 0 3 903
674 0 3 478
675 0 1 338
676 0 1 1094
677 0 1 1567
678 0 1 1321
679 0 1 555
68 0 1 378
680 0 3 422
681 0 2 452
682 0 1 773
683 0 2 349
684 0 2 632
685 0 4 1195
686 0 2 1775
687 0 1 2098
688 0 1 574
689 0 1 385
69 0 1 563
690 0 1 1098
691 0 1 2484
692 0 1 1492
693 0 1 247
694 0 4 1905
695 0 2 542
696 0 3 490
697 0 2 2493
698 0 3 504
699 0 1 384
7 0 2 1290
70 0 1 1214
700 0 1 1547
701 0 2 405
702 0 1 1897
703 0 1 1409
704 0 1 428
705 0 1 473
706 0 1 810
707 0 2 2415
708 0 2 1492
709 0 1 584
71 0 1 1696
710 0 1 514
711 0 1 894
712 0 1 1659
713 0 1 1522
714 0 1 489
715 0 2 481
716 0 4 623
717 0 3 470
718 0 1 589
719 0 1 1877
72 0 1 549
720 0 2 520
721 0 1 495
722 0 2 1932
723 0 2 1462
724 0 3 1589
725 0 2 1801
726 0 3 780
727 0 2 475
728 0 3 796
729 0 1 349
73 0 3 384
730 0 1 571
731 0 1 777
732 0 3 928
733 0 1 1122
734 0 1 434
735 0 1 2493
736 0 1 447
737 0 2 2295
738 0 2 274
739 0 1 737
74 0 1 1657
740 0 1 998
741 0 3 888
742 0 1 516
743 0 1 2082
744 0 1 505
745 0 2 454
746 0 3 384
747 0 1 520
748 0 1 2146
749 0 3 313
75 0 1 385
750 0 1 2411
751 0 3 310
752 0 2 273
753 0 1 266
754 0 3 1182
755 0 2 1067
756 0 2 673
757 0 1 1996
758 0 1 925
759 0 1 366
76 0 3 765
760 0 1 1067
761 0 1 471
762 0 1 1022
763 0 2 1759
764 0 1 1805
765 0 3 2373
766 0 1 1928
767 0 3 972
768 0 1 2392
769 0 2 1492
77 0 4 830
770 0 2 1431
771 0 1 858
772 0 1 677
773 0 1 1164
774 0 1 1614
775 0 1 1168
776 0 2 1154
777 0 1 1030
778 0 2 1436
779 0 1 509
78 0 1 2490
780 0 1 609
781 0 1 482
782 0 1 490
783 0 2 1886
784 0 2 379
785 0 1 718
786 0 2 1083
787 0 2 1525
788 0 1 2285
789 0 4 1578
79 0 2 1689
790 0 1 1497
791 0 2 2083
792 0 1 2389
793 0 1 582
794 0 1 1621
795 0 2 383
796 0 1 903
797 0 3 291
798 0 2 858
799 0 3 759
8 0 2 982
80 0 2 1581
800 0 1 2000
801 0 2 387
802 0 2 816
803 0 1 625
804 0 1 1964
805 0 2 2395
806 0 1 1010
807 0 4 1772
808 0 1 303
809 0 1 391
81 0 2 479
810 0 1 595
811 0 1 1131
812 0 1 2402
813 0 3 473
814 0 1 476
815 0 1 2275
816 0 1 313
817 0 3 659
818 0 1 1288
819 0 3 1494
82 0 1 945
820 0 1 1993
821 0 1 2391
822 0 1 508
823 0 2 1155
824 0 1 943
825 0 1 1632
826 0 2 759
827 0 3 517
828 0 1 1597
829 0 2 1368
83 0 1 1194
830 0 1 987
831 0 1 1020
832 0 1 576
833 0 1 361
834 0 1 1387
835 0 1 701
836 0 2 454
837 0 1 1408
838 0 2 2315
839 0 2 643
84 0 1 357
840 0 2 1342
841 0 2 1910
842 0 2 565
843 0 3 473
844 0 1 558
845 0 3 1681
846 0 1 664
847 0 1 773
848 0 4 486
849 0 2 867
85 0 2 414
850 0 2 2423
851 0 1 459
852 0 2 496
853 0 1 573
854 0 1 2065
855 0 1 431
856 0 2 792
857 0 2 705
858 0 1 2390
859 0 3 1058
86 0 1 1000
860 0 1 778
861 0 1 1488
862 0 2 1148
863 0 2 490
864 0 1 587
865 0 1 822
866 0 1 876
867 0 1 253
868 0 1 640
869 0 1 604
87 0 1 2190
870 0 1 1587
871 0 2 1277
872 0 1 475
873 0 1 349
874 0 1 684
875 0 1 2115
876 0 1 1390
877 0 1 540
878 0 2 1130
879 0 1 2099
88 0 2 400
880 0 1 494
881 0 1 1966
882 0 1 1907
883 0 1 1669
884 0 3 372
885 0 2 469
886 0 1 564
887 0 1 365
888 0 3 966
889 0 1 486
89 0 2 2432
890 0 1 1037
891 0 3 1151
892 0 1 972
893 0 1 687
894 0 1 429
895 0 2 1597
896 0 2 770
897 0 1 1015
898 0 1 465
899 0 2 498
9 0 2 657
90 0 1 452
900 0 1 572
901 0 1 353
902 0 1 351
903 0 1 1240
904 0 1 2183
905 0 1 610
906 0 1 966
907 0 1 858
908 0 1 1778
909 0 1 2402
91 0 2 968
910 0 1 484
911 0 1 270
912 0 1 1787
913 0 1 1815
914 0 1 1207
915 0 1 374
916 0 1 449
917 0 1 542
918 0 2 2199
919 0 1 1464
92 0 1 422
920 0 1 509
921 0 2 271
922 0 1 267
923 0 1 1392
924 0 1 729
925 0 1 871
926 0 2 1778
927 0 1 2501
928 0 2 276
929 0 1 549
93 0 1 785
930 0 1 1165
931 0 1 651
932 0 2 471
933 0 1 298
934 0 1 557
935 0 2 1052
936 0 1 911
937 0 3 495
938 0 1 296
939 0 2 457
94 0 1 1236
940 0 1 857
941 0 1 1690
942 0 2 2489
943 0 1 1575
944 0 3 967
945 0 1 560
946 0 1 606
947 0 1 1657
948 0 3 279
949 0 1 595
95 0 1 445
950 0 1 618
951 0 2 1289
952 0 1 475
953 0 1 574
954 0 2 2279
955 0 3 544
956 0 2 2508
957 0 2 563
958 0 1 1973
959 0 1 1033
96 0 1 904
960 0 1 2496
961 0 1 442
962 0 1 760
963 0 1 1137
964 0 1 1685
965 0 1 1409
966 0 1 468
967 0 1 2377
968 0 1 529
969 0 1 477
97 0 1 650
970 0 1 872
971 0 1 461
972 0 2 700
973 0 3 388
974 0 2 599
975 0 1 611
976 0 1 773
977 0 4 821
978 0 2 1057
979 0 1 527
98 0 1 2093
980 0 2 1249
981 0 2 450
982 0 1 1901
983 0 2 283
984 0 1 457
985 0 4 2500
986 0 1 859
987 0 1 1361
988 0 3 459
989 0 1 1992
99 0 2 986
990 0 4 455
991 0 1 1269
992 0 1 861
993 0 2 482
994 0 1 528
995 0 2 462
996 0 1 1489
997 0 2 972
998 0 1 504
999 0 1 752
1 1141
1 1163
1 1363
1 1389
1 1400
1 1473
1 1635
1 1840
1 1934
1 1962
10 1114
10 1231
10 1244
10 1303
10 1349
10 1756
10 1758
10 1899
10 1939
100 1366
100 1378
100 1403
100 1410
100 1528
100 1704
100 1804
100 1840
100 1909
100 1917
100 1985
1000 1065
1000 1137
1000 1232
1000 1421
1000 1475
1000 1754
101 1009
101 1012
101 1121
101 1139
101 1143
101 1268
101 1404
101 1604
101 1827
101 1897
102 1445
102 1503
102 1610
102 1630
102 1694
102 1702
102 1764
103 1088
103 1189
103 1228
103 1338
103 1554
103 1711
103 1941
104 1217
104 1325
104 1660
104 1667
104 1696
104 1705
104 1806
104 1825
104 1943
104 1973
105 1014
105 1108
105 1346
105 1355
105 1979
106 1193
106 1380
106 1399
106 1734
106 1768
107 1353
107 1389
107 1445
107 1744
107 1769
107 1827
107 1828
107 1838
107 1994
108 1121
108 1332
108 1455
108 1632
108 1805
109 1001
109 1109
109 1323
109 1379
109 1594
109 1712
109 1762
109 1816
11 1116
11 1524
11 1638
11 1675
11 1802
11 1819
11 1827
11 1977
110 1347
110 1446
110 1692
110 1886
110 1984
111 1088
111 1212
111 1276
111 1286
111 1300
111 1404
111 1502
111 1636
111 1691
111 1848
111 1859
112 1136
112 1227
112 1599
112 1693
112 1952
113 1037
113 1052
113 1090
113 1158
113 1321
113 1353
113 1399
113 1515
113 1542
113 1793
113 1883
114 1002
114 1043
114 1052
114 1142
114 1428
114 1458
114 1622
114 1684
114 1774
114 1965
115 1029
115 1156
115 1214
115 1298
115 1383
115 1432
115 1699
115 1717
115 1784
115 1904
115 1919
115 1940
115 1985
116 1229
116 1273
116 1357
116 1397
116 1430
116 1485
116 1604
116 1609
116 1668
116 1774
116 1778
116 1888
116 1927
117 1036
117 1316
117 1484
117 1621
117 1722
118 1296
118 1312
118 1714
118 1818
118 1975
119 1020
119 1028
119 1694
119 1845
12 1007
12 1127
12 1237
12 1279
12 1549
12 1704
12 1845
12 1965
120 1115
120 1388
120 1521
120 1586
120 1920
121 1253
121 1254
121 1279
121 1317
121 1319
121 1489
121 1689
121 1858
121 1999
122 1276
122 1319
122 1441
123 1060
123 1092
123 1241
123 1480
123 1517
123 1544
123 1662
123 1757
124 1030
124 1073
124 1124
124 1175
124 1288
124 1296
124 1298
124 1437
124 1588
124 1747
124 1757
124 1782
124 1794
125 1270
125 1276
125 1476
125 1610
125 1617
125 1671
125 1682
125 1727
126 1048
126 1153
126 1375
126 1384
126 1404
126 1664
126 1758
126 1832
126 1864
126 1900
127 1198
127 1358
127 1487
127 1649
127 1800
127 1812
127 1841
127 1976
128 1112
128 1118
128 1126
128 1293
128 1471
128 1501
128 1594
128 1909
128 1943
129 1018
129 1139
129 1144
129 1147
129 1206
129 1251
129 1725
13 1121
13 1205
13 1266
13 1716
130 1014
130 1038
130 1236
130 1322
130 1586
130 1639
131 1089
131 1239
131 1629
131 1799
131 1808
132 1077
132 1217
132 1256
132 1315
132 1326
132 1406
132 1508
132 1701
132 1970
133 1013
133 1322
133 1327
133 1562
133 1738
133 1880
134 1026
134 1116
134 1169
134 1541
134 1743
134 1979
135 1005
135 1017
135 1034
135 1193
135 1226
135 1327
135 1585
135 1738
135 1879
136 1103
136 1149
136 1179
136 1235
136 1403
136 1440
136 1464
136 1559
136 1585
136 1592
136 1665
136 1941
136 1942
136 1966
137 1184
137 1307
137 1499
137 1536
137 1774
137 1839
137 1904
137 1937
137 1970
138 1300
138 1310
138 1462
138 1538
138 1768
138 1879
139 1001
139 1098
139 1225
139 1238
139 1293
139 1400
139 1422
139 1494
139 1557
139 1611
139 1796
139 1840
139 1978
14 1024
14 1097
14 1272
14 1278
14 1343
14 1530
14 1743
14 1876
14 1890
14 1923
140 1154
140 1331
140 1443
140 1616
140 1621
140 1654
140 1718
140 1752
140 1928
140 1976
140 2000
141 1118
141 1267
141 1469
141 1627
141 1797
141 1835
141 1919
142 1037
142 1046
142 1136
142 1149
142 1185
142 1347
142 1512
143 1059
143 1212
143 1381
143 1484
143 1599
143 1633
143 1659
143 1705
143 1967
143 1979
144 1185
144 1205
144 1229
144 1238
144 1410
144 1492
144 1558
144 1755
144 1828
145 1069
145 1220
145 1241
145 1438
145 1634
145 1687
145 1996
146 1010
146 1106
146 1148
146 1512
146 1582
146 1658
146 1704
146 1729
147 1071
147 1197
147 1377
147 1651
147 1732
147 1842
147 1904
148 1134
148 1150
148 1356
148 1576
148 1612
148 1840
149 1341
149 1490
149 1574
149 1630
149 1734
149 1769
149 1874
15 1038
15 1174
15 1251
15 1292
15 1310
15 1541
15 1587
15 1588
15 1781
15 1887
15 1935
150 1127
150 1264
150 1318
150 1328
150 1371
150 1463
150 1509
150 1524
150 1733
150 1768
150 1784
150 1865
150 1887
150 1888
150 1920
151 1019
151 1079
151 1166
151 1256
151 1360
151 1413
151 1544
152 1047
152 1363
152 1422
152 1596
152 1624
152 1912
152 2000
153 1024
153 1124
153 1162
153 1184
153 1213
153 1361
153 1398
153 1401
153 1669
153 1712
153 1914
154 1114
154 1373
154 1515
154 1946
155 1174
155 1516
155 1522
155 1707
155 1942
156 1055
156 1165
156 1245
156 1442
156 1522
156 1771
156 1786
156 1930
157 1001
157 1156
157 1192
157 1203
157 1213
157 1461
157 1679
157 1777
157 1874
158 1225
158 1321
158 1708
158 1711
158 1721
158 1817
158 1914
158 1954
159 1062
159 1067
159 1127
159 1151
159 1416
159 1487
159 1542
159 1849
16 1088
16 1525
16 1638
16 1945
160 1452
160 1920
160 1980
161 1037
161 1074
161 1085
161 1221
161 1237
161 1436
161 1557
161 1661
161 1698
162 1044
162 1138
162 1698
162 1853
162 1882
163 1026
163 1087
163 1105
163 1108
163 1241
163 1256
163 1334
163 1338
163 1366
163 1429
163 1450
163 1660
163 1854
164 1037
164 1315
164 1549
164 1569
164 1646
164 1667
164 1936
165 1087
165 1096
165 1130
165 1134
165 1160
165 1192
165 1213
165 1224
165 1427
165 1503
165 1665
166 1026
166 1193
166 1257
166 1578
166 1632
166 1811
166 1866
167 1163
167 1169
167 1314
167 1458
167 1555
167 1617
167 1749
167 1853
167 1901
167 1997
168 1041
168 1065
168 1501
168 1512
168 1523
168 1852
169 1018
169 1070
169 1241
169 1269
169 1322
169 1512
169 1615
169 1620
169 1664
17 1226
17 1238
17 1263
17 1470
17 1505
17 1521
17 1628
17 1716
17 1877
17 1931
17 1972
170 1094
170 1137
170 1317
170 1346
170 1657
170 1670
170 1693
170 1801
170 1866
170 1879
170 1986
171 1500
171 1670
172 1056
172 1149
172 1443
172 1706
172 1866
172 1979
173 1193
173 1549
173 1592
173 1614
174 1365
174 1450
174 1673
174 1826
174 1851
174 1906
174 1951
175 1104
175 1733
175 1859
176 1054
176 1203
176 1206
176 1399
176 1412
176 1656
176 1704
176 1885
177 1465
177 1490
177 1556
177 1896
177 1900
178 1211
178 1297
178 1347
178 1357
178 1436
178 1650
178 1751
178 1835
178 1926
179 1019
179 1058
179 1148
179 1249
179 1251
179 1298
179 1447
179 1531
179 1563
179 1566
179 1899
179 1965
18 1041
18 1053
18 1435
18 1451
18 1491
18 1835
18 1901
180 1048
180 1095
180 1113
180 1426
180 1536
180 1551
180 1676
180 1813
180 1840
181 1183
181 1344
181 1581
181 1657
181 1917
181 1938
182 1053
182 1448
182 1482
182 1561
182 1592
182 1643
182 1937
182 1963
183 1236
183 1271
183 1419
183 1495
183 1534
183 1563
183 1723
183 1817
183 1862
183 1924
183 1937
184 1029
184 1043
184 1070
184 1072
184 1223
184 1253
184 1292
184 1309
184 1344
184 1369
184 1435
184 1769
184 1860
184 1974
185 1079
185 1204
185 1211
185 1243
185 1335
185 1649
186 1104
186 1112
186 1244
186 1457
186 1717
186 1723
186 1822
186 1826
186 1891
186 1918
186 1982
187 1136
187 1287
187 1466
187 1530
187 1557
187 1812
187 1835
187 1872
187 1900
187 1989
188 1452
188 1463
188 1481
188 1867
188 1959
189 1176
189 1225
189 1254
189 1429
189 1455
189 1565
189 1702
189 1914
19 1100
19 1119
19 1729
19 1848
19 1931
190 1069
190 1416
190 1634
190 1881
191 1025
191 1082
191 1158
191 1206
191 1325
191 1391
191 1481
191 1734
192 1042
192 1096
192 1305
192 1429
192 1473
192 1739
192 1770
192 1959
192 1985
193 1172
193 1250
193 1266
193 1277
193 1288
193 1399
193 1497
193 1838
193 1882
193 1901
194 1042
194 1046
194 1064
194 1083
194 1195
194 1227
194 1326
194 1488
194 1493
194 1613
194 1753
194 1803
195 1334
195 1393
195 1407
195 1470
195 1810
195 1855
195 1856
195 1886
196 1489
196 1567
196 1720
196 1795
196 1853
197 1115
197 1284
197 1390
197 1583
197 1587
197 1637
197 1804
197 1813
198 1093
198 1172
198 1210
198 1242
198 1297
198 1570
199 1082
199 1084
199 1341
199 1355
199 1539
199 1650
199 1682
199 1823
199 1942
199 1964
2 1158
2 1257
2 1382
2 1679
2 1715
2 1748
2 1806
2 1833
2 1844
20 1036
20 1066
20 1075
20 1331
20 1371
20 1508
20 1625
20 1833
20 1921
20 1962
200 1257
200 1351
200 1361
200 1410
200 1475
200 1652
200 1654
200 1769
200 1794
201 1157
201 1217
201 1227
201 1418
201 1600
201 1641
201 1752
201 1983
202 1075
202 1192
202 1193
202 1243
202 1447
202 1492
202 1864
202 1873
202 1880
202 1973
202 1993
203 1034
203 1040
203 1041
203 1454
203 1722
203 1745
203 1800
203 1845
203 1870
203 1977
204 1099
204 1181
204 1419
204 1449
204 1766
204 1969
205 1103
205 1302
205 1440
205 1472
205 1642
205 1724
205 1798
206 1047
206 1128
206 1197
206 1224
206 1313
206 1325
206 1331
206 1360
206 1425
206 1492
206 1801
206 1901
206 1931
206 1969
206 1973
207 1183
207 1298
207 1412
207 1571
207 1573
207 1579
207 1665
207 1680
208 1255
208 1261
208 1342
208 1432
208 1447
208 1506
208 1543
208 1546
208 1549
208 1605
208 1696
208 1943
209 1225
209 1269
209 1528
209 1530
209 1614
209 1652
209 1681
209 1713
209 1799
209 1859
209 1911
209 1963
21 1549
21 1815
21 1854
21 1992
210 1118
210 1209
210 1359
210 1624
210 1785
210 1824
210 1961
210 1970
211 1061
211 1076
211 1199
211 1235
211 1371
211 1389
211 1576
211 1639
211 1742
211 1947
212 1073
212 1076
212 1119
212 1352
212 1660
212 1803
213 1053
213 1059
213 1289
213 1323
213 1444
213 1690
213 1720
213 1747
213 1752
213 1919
213 1928
214 1092
214 1172
214 1173
214 1298
214 1362
214 1407
215 1149
215 1208
215 1219
215 1234
215 1281
215 1465
215 1498
215 1545
215 1595
215 1604
216 1101
216 1332
216 1434
216 1509
216 1553
216 1645
216 1664
216 1763
216 1880
216 1985
217 1172
217 1197
217 1235
217 1378
217 1406
217 1432
217 1477
217 1534
217 1615
217 1634
217 1675
217 1894
218 1009
218 1017
218 1043
218 1051
218 1362
218 1487
218 1502
218 1963
219 1203
219 1248
219 1370
219 1838
219 1874
219 1901
22 1024
22 1091
22 1399
22 1400
22 1447
22 1522
22 1591
22 1663
22 1664
22 1734
22 1903
220 1088
220 1208
220 1308
220 1644
220 1649
220 1726
220 1767
220 1810
220 1847
221 1027
221 1196
221 1312
221 1402
221 1411
221 1703
221 1782
221 1839
221 1884
222 1080
222 1173
222 1331
222 1450
222 1580
222 1690
222 1758
222 1822
222 1832
222 1897
222 1921
222 1968
222 1982
222 1995
223 1262
223 1282
223 1346
223 1836
223 1874
224 1020
224 1460
224 1472
224 1516
224 1572
224 1650
224 1726
224 1737
225 1052
225 1072
225 1089
225 1137
225 1198
225 1307
225 1915
226 1103
226 1168
226 1225
226 1254
226 1622
226 1748
226 1956
227 1107
227 1160
227 1162
227 1312
227 1378
227 1614
227 1861
227 1929
228 1103
228 1168
228 1241
228 1248
228 1328
228 1571
229 1153
229 1185
229 1218
229 1347
229 1410
229 1419
229 1524
229 1563
229 1634
229 1661
229 1673
23 1206
23 1302
23 1320
23 1439
23 1493
23 1540
23 1640
23 1668
23 1804
23 1840
23 1998
230 1004
230 1098
230 1175
230 1312
230 1439
230 1783
230 1793
230 1834
231 1012
231 1182
231 1245
231 1258
231 1496
231 1627
231 1634
231 1677
231 1837
232 1063
232 1286
232 1593
232 1617
232 1713
232 1784
232 1899
233 1186
233 1195
233 1249
233 1403
233 1626
233 1874
233 1956
233 1996
234 1114
234 1212
234 1219
234 1509
234 1527
234 1917
235 1049
235 1106
235 1294
235 1605
235 1669
235 1726
236 1022
236 1118
236 1188
236 1360
236 1452
236 1548
236 1772
236 1850
237 1362
237 1372
237 1438
237 1488
237 1680
237 1709
237 1879
237 1921
238 1032
238 1105
238 1519
238 1596
238 1781
238 1792
238 1851
239 1086
239 1099
239 1208
239 1231
239 1381
239 1516
239 1612
239 1736
239 1886
239 1909
239 1952
24 1065
24 1105
24 1168
24 1212
24 1445
24 1592
24 1920
240 1183
240 1242
240 1492
240 1602
240 1702
240 1706
240 1873
241 1097
241 1579
241 1613
241 1631
241 1636
241 1661
241 1913
241 1998
242 1291
242 1312
242 1455
242 1579
242 1660
242 1674
242 1724
242 1732
242 1797
242 1886
243 1176
243 1268
243 1508
243 1602
243 1918
243 1949
244 1030
244 1292
244 1734
244 1854
245 1345
245 1493
245 1774
245 1783
245 1872
245 1961
246 1029
246 1156
246 1352
246 1357
246 1378
246 1390
246 1652
246 1728
246 1993
247 1155
247 1354
247 1519
247 1616
247 1617
248 1053
248 1076
248 1079
248 1359
248 1504
248 1546
248 1607
248 1612
248 1613
248 1759
248 1854
249 1020
249 1049
249 1135
249 1262
249 1319
249 1471
249 1668
249 1787
25 1038
25 1041
25 1501
25 1512
25 1929
250 1144
250 1277
250 1371
250 1598
250 1767
251 1015
251 1159
251 1570
251 1599
251 1626
251 1662
252 1453
252 1482
252 1489
252 1743
252 1866
252 1868
252 1888
252 1976
253 1043
253 1100
253 1347
253 1357
253 1371
253 1539
253 1555
253 1598
254 1058
254 1163
254 1523
254 1608
254 1648
254 1670
254 1766
254 1918
255 1026
255 1060
255 1236
255 1237
255 1390
255 1556
255 1689
255 1829
256 1149
256 1203
256 1209
256 1220
256 1226
256 1326
256 1472
256 1483
256 1727
256 1758
256 1833
256 1876
257 1002
257 1210
257 1236
257 1259
257 1602
257 1668
257 1703
257 1711
257 1751
258 1010
258 1077
258 1320
258 1415
258 1570
258 1692
258 2000
259 1376
259 1743
259 1863
259 1877
259 1922
259 1999
26 1127
26 1254
26 1327
26 1423
26 1480
26 1521
26 1591
26 1724
26 1770
26 1817
260 1146
260 1195
260 1347
260 1423
260 1724
260 1818
260 1839
261 1003
261 1027
261 1090
261 1139
261 1326
261 1336
261 1453
261 1512
261 1587
261 1641
261 1645
261 1734
262 1053
262 1108
262 1156
262 1213
262 1520
262 1542
262 1595
262 1940
262 1994
263 1673
263 1948
264 1134
264 1137
264 1424
264 1550
264 1761
265 1305
265 1326
265 1471
265 1634
265 1708
265 1807
265 1886
266 1341
266 1367
266 1924
266 1965
267 1022
267 1142
267 1161
267 1275
267 1437
267 1542
267 1561
267 1644
267 1737
267 1769
267 1877
268 1017
268 1145
268 1490
268 1523
268 1554
268 1639
268 1642
268 1770
268 1852
269 1036
269 1047
269 1073
269 1147
269 1288
269 1429
269 1544
269 1687
269 1689
269 1795
269 1799
269 1973
269 1998
27 1025
27 1034
27 1042
27 1083
27 1167
27 1326
27 1721
27 1772
27 1787
27 1921
270 1079
270 1379
270 1585
270 1825
271 1202
271 1348
271 1417
271 1615
271 1734
272 1100
272 1165
272 1237
272 1449
272 1531
272 1551
272 1633
272 1913
273 1071
273 1114
273 1488
274 1007
274 1061
274 1097
274 1588
274 1685
274 1692
274 1821
274 1894
274 1972
275 1106
275 1223
275 1264
275 1309
275 1351
275 1407
275 1414
275 1419
275 1465
275 1763
275 1786
275 1912
276 1050
276 1206
276 1442
276 1538
276 1800
276 1961
277 1232
277 1417
277 1479
277 1749
277 1790
278 1109
278 1118
278 1253
278 1361
278 1402
278 1647
278 1702
278 1783
278 1817
278 1871
278 1904
279 1006
279 1070
279 1115
279 1250
279 1426
279 1459
279 1581
279 1588
279 1661
279 1724
279 1733
28 1188
28 1241
28 1421
28 1447
28 1510
28 1572
28 1725
28 1930
280 1087
280 1164
280 1337
280 1749
281 1097
281 1324
281 1515
281 1848
281 1901
281 1909
282 1020
282 1266
282 1277
282 1300
282 1376
282 1454
282 1480
282 1528
282 1581
282 1858
282 1895
282 1933
283 1089
283 1239
283 1305
283 1327
283 1333
283 1352
283 1475
283 1542
283 1855
283 1941
284 1178
284 1889
284 1899
284 2000
285 1083
285 1161
285 1394
285 1420
285 1668
285 1788
285 1863
285 1865
285 1903
285 1915
286 1114
286 1262
286 1557
286 1836
286 1928
286 1937
286 1993
287 1038
287 1040
287 1118
287 1321
287 1329
287 1357
287 1566
287 1757
287 1764
287 1855
288 1418
288 1787
288 1807
288 1828
288 1890
289 1056
289 1270
289 1582
289 1690
289 1701
289 1868
289 1993
29 1214
29 1298
29 1609
29 1856
29 1966
290 1042
290 1107
290 1161
290 1193
290 1223
290 1406
290 1584
290 1637
290 1971
291 1053
291 1151
291 1192
291 1281
291 1502
291 1531
291 1591
291 1605
291 1632
291 1780
291 1994
292 1001
292 1043
292 1059
292 1347
292 1472
292 1557
292 1581
292 1772
292 1872
292 1952
293 1263
293 1307
293 1347
293 1444
293 1510
293 1548
293 1598
293 1701
293 1945
293 1981
294 1389
294 1412
294 1589
294 1699
294 1864
294 1963
295 1016
295 1218
295 1248
295 1788
295 1812
296 1158
296 1239
296 1243
296 1276
296 1442
296 1494
296 1760
296 1808
296 1935
297 1026
297 1252
297 1313
297 1401
297 1556
297 1561
297 1634
297 1657
297 1678
297 1693
297 1710
297 1795
297 1890
297 1928
297 1978
298 1341
298 1358
298 1383
298 1573
298 1699
298 1985
299 1127
299 1221
299 1235
299 1256
299 1311
299 1374
299 1658
299 1815
299 1856
3 1141
3 1166
3 1464
3 1484
3 1756
3 1775
30 1017
30 1037
30 1045
30 1277
30 1285
30 1362
30 1524
30 1791
30 1880
30 1923
300 1099
300 1155
300 1190
300 1426
300 1485
300 1873
300 1946
301 1044
301 1140
301 1161
301 1256
301 1462
301 1758
301 1791
301 1884
302 1174
302 1243
302 1451
302 1725
302 1809
303 1004
303 1090
303 1161
303 1282
303 1395
303 1527
303 1981
304 1002
304 1556
304 1648
305 1039
305 1157
305 1230
305 1435
305 1447
305 1686
305 1869
305 1917
306 1003
306 1161
306 1201
306 1245
306 1287
306 1311
306 1672
307 1209
307 1237
307 1396
307 1447
307 1680
307 1707
307 1807
307 1889
307 1919
308 1307
308 1637
308 1905
308 1963
309 1158
309 1175
309 1356
309 1379
309 1547
309 1831
309 1852
309 1873
31 1127
31 1134
31 1159
31 1360
31 1495
31 1516
31 1599
31 1633
31 1709
31 1736
31 1743
31 1771
31 1842
31 1992
310 1011
310 1065
310 1070
310 1188
310 1306
310 1355
310 1451
310 1452
310 1961
311 1022
311 1076
311 1402
311 1498
311 1795
311 1825
311 1879
311 1992
312 1165
312 1168
312 1173
312 1279
312 1533
312 1595
312 1757
312 1949
313 1119
313 1385
313 1824
313 1936
314 1218
314 1304
314 1314
314 1367
314 1380
314 1413
314 1454
314 1815
314 1880
314 1922
314 1928
315 1035
315 1068
315 1099
315 1141
315 1191
315 1272
315 1369
315 1416
315 1630
316 1031
316 1306
316 1347
316 1401
316 1491
316 1752
316 1982
317 1329
317 1372
317 1584
317 1727
317 1792
317 1892
318 1037
318 1063
318 1123
318 1386
318 1597
318 1781
318 1810
318 1826
318 1992
319 1025
319 1062
319 1156
319 1255
319 1260
319 1267
319 1417
319 1531
319 1747
319 1805
319 1899
319 1969
319 1998
32 1071
32 1142
32 1311
32 1478
32 1544
32 1613
32 1685
32 1895
32 1964
32 1975
320 1174
320 1351
320 1657
320 1715
320 1716
320 1801
321 1458
321 1580
321 1845
321 1848
321 1863
321 1894
321 1918
322 1165
322 1270
322 1315
322 1358
322 1451
322 1529
322 1707
322 1745
322 1857
322 1925
323 1119
323 1293
323 1415
323 1436
323 1522
323 1714
323 1731
323 1822
324 1032
324 1257
324 1441
324 1496
324 1545
324 1546
324 1906
324 2000
325 1038
325 1070
325 1074
325 1098
325 1197
325 1239
325 1246
325 1314
325 1660
325 1845
326 1090
326 1436
326 1618
326 1629
326 1662
326 1992
327 1234
327 1465
327 1570
327 1584
327 1657
328 1001
328 1054
328 1221
328 1371
328 1390
328 1736
328 1835
328 2000
329 1080
329 1368
329 1592
329 1646
329 1808
329 1821
329 1947
329 1961
329 1970
33 1120
33 1121
33 1470
33 1659
33 1814
330 1156
330 1323
330 1532
330 1661
330 1811
330 1912
331 1037
331 1097
331 1320
331 1537
331 1668
331 1759
331 1841
332 1158
332 1348
332 1575
332 1883
332 1924
332 1964
333 1007
333 1056
333 1161
333 1176
333 1285
333 1721
333 1801
333 1816
333 1851
333 1955
334 1043
334 1142
334 1300
334 1407
334 1481
334 1521
334 1891
335 1102
335 1176
335 1196
335 1199
335 1235
335 1350
335 1358
335 1458
335 1464
335 1805
336 1024
336 1045
336 1402
336 1941
337 1393
337 1478
337 1512
337 1514
337 1573
337 1671
337 1719
337 1896
338 1025
338 1604
338 1638
338 1684
338 1741
338 1867
338 1904
339 1175
339 1238
339 1254
339 1891
339 1930
339 1973
34 1009
34 1310
34 1342
34 1385
34 1655
34 1815
34 1849
34 1898
340 1626
340 1985
341 1028
341 1279
341 1407
341 1526
341 1682
341 1923
342 1005
342 1134
342 1418
342 1519
342 1525
342 1536
342 1542
342 1704
342 1732
342 1825
342 1845
343 1198
343 1256
343 1638
343 1775
343 1901
344 1128
344 1130
344 1223
344 1230
344 1285
344 1492
344 1545
344 1813
344 1956
345 1019
345 1022
345 1224
345 1300
345 1402
345 1419
345 1528
345 1529
345 1713
345 1736
345 1755
345 1852
345 1965
345 1983
346 1033
346 1234
346 1512
346 1556
346 1591
346 1762
346 1885
347 1064
347 1313
347 1406
347 1473
347 1643
347 1720
347 1852
347 1923
347 1925
348 1072
348 1090
348 1107
348 1271
348 1287
348 1440
348 1517
348 1599
348 1788
348 1845
349 1099
349 1173
349 1291
349 1422
349 1439
349 1479
349 1542
349 1623
35 1597
35 1773
35 1972
350 1023
350 1041
350 1301
350 1331
350 1392
350 1496
350 1640
350 1707
350 1732
350 1742
350 1803
350 1928
351 1098
351 1175
351 1303
351 1486
351 1525
351 1688
351 1735
351 1871
352 1192
352 1259
352 1353
352 1449
352 1467
352 1504
352 1673
353 1053
353 1128
353 1129
353 1312
353 1360
353 1536
353 1781
353 1815
354 1191
354 1263
354 1589
354 1847
354 1864
355 1011
355 1188
355 1282
355 1442
355 1754
356 1050
356 1068
356 1094
356 1313
356 1400
356 1446
356 1653
356 1732
356 1971
357 1095
357 1250
357 1263
357 1372
357 1381
357 1389
357 1509
357 1578
357 1620
357 1776
357 1840
358 1019
358 1477
358 1491
358 1617
358 1717
358 1764
358 1770
358 1774
358 1910
359 1041
359 1437
359 1480
359 1530
359 1566
359 1667
359 1671
359 1756
359 1980
36 1012
36 1025
36 1180
36 1341
36 1351
36 1396
36 1441
36 1704
36 1872
36 1895
36 1962
360 1192
360 1248
360 1560
360 1665
360 1818
360 1884
361 1072
361 1162
361 1315
361 1459
361 1568
361 1625
361 1744
361 1894
361 1931
361 1990
362 1009
362 1146
362 1175
362 1338
362 1539
362 1650
362 1886
362 1927
362 1959
363 1405
363 1675
363 1754
364 1003
364 1370
364 1393
364 1486
364 1668
364 1754
364 1789
364 1920
365 1156
365 1392
365 1481
365 1637
365 1729
365 1748
366 1043
366 1114
366 1270
366 1366
366 1558
366 1562
366 1815
366 1843
366 1937
366 1964
366 1988
367 1121
367 1295
367 1542
367 1622
367 1643
367 1738
367 1778
368 1068
368 1245
368 1473
368 1543
368 1560
368 1597
368 1638
368 1730
368 1885
369 1078
369 1300
369 1474
369 1517
369 1522
369 1932
37 1008
37 1145
37 1282
37 1323
37 1495
37 1596
37 1634
37 1880
370 1106
370 1214
370 1224
370 1309
370 1373
370 1517
370 1618
370 1991
371 1011
371 1012
371 1129
371 1141
371 1178
371 1442
371 1800
371 1861
371 1862
371 1933
371 1963
372 1006
372 1056
372 1341
372 1416
372 1463
372 1589
372 1915
372 1923
372 1979
373 1384
373 1519
373 1580
373 1688
374 1034
374 1118
374 1390
374 1423
374 1536
374 1674
374 1879
374 1960
375 1153
375 1229
375 1235
375 1539
375 1618
375 1658
375 1672
375 1825
375 1849
376 1625
376 1667
376 1715
377 1002
377 1045
377 1061
377 1404
377 1428
377 1467
377 1518
377 1552
377 1590
377 1652
377 1723
377 1993
378 1153
378 1224
378 1558
378 1704
378 1961
379 1120
379 1263
379 1322
379 1563
379 1774
379 1799
379 1893
38 1045
38 1249
38 1416
38 1625
38 1998
380 1373
380 1624
381 1189
381 1291
381 1472
381 1538
381 1555
381 1729
381 1740
382 1138
382 1186
382 1284
382 1425
382 1465
382 1724
382 1748
382 1766
382 1799
382 1884
382 1941
382 1948
383 1032
383 1090
383 1106
383 1161
383 1184
383 1260
383 1303
383 1367
383 1426
383 1579
383 1716
384 1132
384 1294
384 1614
384 1645
384 1687
384 1727
384 1976
385 1257
385 1279
385 1441
385 1501
385 1625
385 1637
385 1668
385 1700
385 1779
385 1838
385 1845
385 1888
385 1890
386 1031
386 1453
386 1459
386 1588
386 1821
386 1895
386 1933
387 1109
387 1133
387 1235
387 1246
387 1252
387 1328
387 1508
387 1764
388 1137
388 1348
388 1569
388 1630
388 1690
388 1701
388 1733
388 1814
389 1019
389 1020
389 1034
389 1246
389 1419
389 1471
389 1545
389 1558
389 1573
389 1674
39 1013
39 1134
39 1267
39 1333
39 1344
39 1442
39 1657
39 1747
39 1977
390 1233
390 1352
390 1421
390 1528
390 1745
390 1799
390 1818
390 1867
390 1879
391 1106
391 1303
391 1363
391 1384
391 1642
391 1676
391 1843
391 1854
392 1039
392 1340
392 1354
392 1409
392 1410
392 1635
392 1672
392 1753
392 1793
393 1066
393 1136
393 1225
393 1308
393 1363
393 1406
393 1448
393 1730
393 1751
393 1792
393 1908
393 1929
393 1935
394 1106
394 1141
394 1459
394 1865
395 1038
395 1107
395 1216
395 1219
395 1343
395 1350
395 1372
395 1398
395 1597
395 1816
395 1862
396 1124
396 1228
396 1292
396 1368
396 1646
396 1885
396 1886
397 1002
397 1321
397 1566
397 1577
397 1633
397 1641
397 1652
397 1702
397 1760
397 1839
397 1954
398 1107
398 1159
398 1183
398 1363
398 1402
398 1468
398 1796
398 1840
398 1855
399 1089
399 1148
399 1321
399 1345
399 1360
399 1474
399 1507
399 1631
399 1755
399 1950
4 1018
4 1165
4 1428
4 1633
4 1676
4 1717
40 1122
40 1128
40 1232
40 1294
40 1346
40 1467
40 1602
40 1679
400 1091
400 1131
400 1218
400 1333
400 1370
400 1411
400 1804
400 1859
400 1984
401 1009
401 1124
401 1205
401 1266
401 1501
401 1679
401 1744
401 1748
401 1764
401 1896
401 1900
401 1924
401 1977
402 1081
402 1195
402 1200
402 1222
402 1397
402 1586
402 1729
402 1742
402 1957
403 1245
403 1418
403 1492
403 1518
403 1624
403 1669
403 1885
403 1940
404 1243
404 1595
404 1909
404 1947
405 1059
405 1123
405 1185
405 1339
405 1364
405 1399
405 1423
405 1510
405 1527
405 1533
405 1607
405 1671
405 1729
405 1866
405 1924
406 1020
406 1188
406 1322
406 1589
406 1790
406 1830
406 1839
406 1996
407 1329
407 1575
407 1807
407 1944
408 1301
408 1609
408 1692
408 1851
408 1897
409 1220
409 1410
409 1429
409 1443
409 1460
409 1462
409 1524
409 1635
409 1657
409 1730
409 1888
409 1942
41 1056
41 1167
41 1303
41 1456
41 1667
41 1757
41 1785
41 1904
410 1060
410 1142
410 1246
410 1511
410 1700
410 1707
410 1726
410 1771
410 1847
410 1864
410 1984
410 1989
411 1019
411 1085
411 1139
411 1275
411 1488
411 1527
411 1668
411 1732
411 1867
412 1074
412 1126
412 1286
412 1619
412 1901
412 1958
413 1160
413 1430
413 1602
413 1643
413 1649
413 1652
413 1666
413 1792
413 1885
413 1897
413 1999
414 1005
414 1603
414 1632
414 1665
414 1703
414 1721
414 1756
414 1757
414 1766
414 1824
414 1847
414 1968
415 1094
415 1217
415 1339
415 1429
415 1661
415 1807
415 1812
415 1859
415 1991
416 1045
416 1471
416 1811
416 1886
416 1889
417 1002
417 1062
417 1280
417 1504
417 1531
417 1561
417 1595
417 1661
417 1963
418 1296
418 1323
418 1384
418 1413
418 1567
418 1862
419 1023
419 1067
419 1312
419 1331
419 1493
419 1829
42 1042
42 1063
42 1080
42 1142
42 1188
42 1321
42 1537
42 1608
42 1878
42 1975
420 1006
420 1032
420 1182
420 1300
420 1309
420 1429
420 1488
420 1872
421 1097
421 1446
421 1704
422 1041
422 1390
422 1424
422 1563
422 1758
423 1136
423 1238
423 1284
423 1378
423 1381
423 1681
423 1691
423 1760
423 1869
424 1017
424 1094
424 1414
424 1581
424 1589
424 1602
424 1603
424 1639
424 1897
425 1010
425 1036
425 1059
425 1163
425 1212
425 1250
425 1286
425 1396
425 1981
426 1191
426 1243
426 1300
426 1350
426 1511
426 1554
426 1822
427 1057
427 1168
427 1394
427 1453
427 1564
427 1646
427 1670
427 1789
428 1281
428 1303
428 1351
428 1414
428 1427
428 1539
429 1114
429 1172
429 1301
429 1361
429 1367
429 1644
429 1687
429 1751
429 1875
429 1929
429 1953
429 1978
43 1169
43 1387
43 1446
43 1458
43 1737
43 1752
43 1776
43 1925
430 1144
430 1271
430 1344
430 1416
430 1458
430 1479
430 1487
430 1583
430 1842
431 1259
431 1399
431 1628
431 1808
431 1872
431 1911
432 1074
432 1108
432 1142
432 1305
432 1337
432 1615
432 1633
432 1764
432 1766
432 1874
432 1972
433 1082
433 1127
433 1160
433 1373
433 1402
433 1495
433 1637
433 1953
434 1008
434 1190
434 1313
434 1321
434 1364
434 1367
434 1492
434 1794
434 1994
435 1093
435 1450
435 1553
435 1595
435 1712
435 1880
435 1899
436 1019
436 1199
436 1308
436 1327
436 1379
436 1424
436 1589
436 1767
436 1795
437 1049
437 1294
437 1334
437 1359
437 1686
437 1970
438 1083
438 1228
438 1267
438 1455
438 1526
438 1713
439 1019
439 1148
439 1466
439 1469
439 1554
439 1693
439 1803
439 1896
439 1926
439 1943
44 1024
44 1031
44 1257
44 1472
44 1475
44 1501
44 1543
44 1793
44 1926
44 1982
440 1358
440 1384
440 1510
440 1744
440 1794
440 1930
440 1937
440 1971
441 1141
441 1154
441 1314
441 1387
441 1742
441 1807
442 1051
442 1113
442 1117
442 1225
442 1538
442 1686
442 1709
442 1952
443 1362
443 1390
443 1407
443 1474
443 1717
444 1086
444 1153
444 1258
444 1425
444 1938
445 1095
445 1113
445 1181
445 1191
445 1448
445 1595
445 1794
445 1840
445 1971
446 1571
446 1739
446 1852
447 1015
447 1038
447 1103
447 1112
447 1132
447 1397
447 1407
447 1550
447 1587
448 1178
448 1472
448 1675
448 1707
448 1813
448 1859
448 1966
449 1058
449 1150
449 1382
449 1866
45 1089
45 1387
45 1528
45 1733
45 1771
45 1774
45 1839
45 1893
45 1993
450 1079
450 1412
450 1477
450 1547
450 1572
450 1656
450 1862
451 1090
451 1111
451 1233
451 1323
451 1401
451 1450
451 1958
451 1972
452 1218
452 1312
452 1521
452 1526
452 1581
452 1646
452 1780
452 1930
453 1187
453 1197
453 1246
453 1473
453 1522
453 1537
453 1730
453 1793
453 1882
453 1977
454 1030
454 1219
454 1225
454 1251
454 1254
454 1359
454 1786
454 1823
454 1861
454 1969
455 1125
455 1244
455 1322
455 1474
455 1574
455 1582
456 1095
456 1359
456 1365
456 1392
456 1771
456 1825
457 1140
457 1186
457 1202
457 1467
457 1873
458 1136
458 1209
458 1300
458 1325
458 1385
459 1074
459 1082
459 1380
459 1528
459 1583
459 1715
459 1735
459 1747
459 1858
459 1939
459 1943
46 1004
46 1146
46 1276
46 1338
46 1381
46 1433
46 1552
46 1579
46 1815
46 1827
46 1957
460 1057
460 1149
460 1204
460 1222
460 1462
460 1565
460 1571
460 1675
460 1935
460 1993
461 1068
461 1415
461 1435
461 1656
461 1701
461 1790
461 1809
461 1849
461 1912
461 1986
462 1390
462 1518
462 1560
462 1868
462 1945
463 1007
463 1246
463 1326
463 1362
463 1434
463 1599
463 1650
463 1758
464 1056
464 1146
464 1281
464 1561
464 1645
464 1735
464 1973
465 1088
465 1551
465 1660
465 1690
465 1983
466 1230
466 1273
466 1302
466 1304
466 1313
466 1319
466 1350
466 1361
466 1493
466 1719
466 1923
466 1978
467 1178
467 1338
467 1383
467 1801
467 1837
467 1921
467 1936
467 1958
468 1230
468 1242
468 1371
468 1543
468 1585
468 1824
468 1951
469 1047
469 1119
469 1363
469 1449
469 1521
469 1553
469 1601
469 1678
469 1827
469 1864
47 1013
47 1042
47 1178
47 1280
47 1425
47 1562
47 1788
470 1151
470 1200
470 1462
470 1591
470 1753
470 1935
471 1284
471 1300
471 1405
471 1955
472 1029
472 1119
472 1215
472 1218
472 1625
472 1696
473 1148
473 1278
473 1297
473 1362
473 1652
473 1653
473 1790
473 1834
473 1876
474 1059
474 1283
474 1303
474 1318
474 1695
474 1845
474 1867
474 1883
474 1932
475 1075
475 1129
475 1163
475 1223
475 1244
475 1345
475 1720
475 1727
475 1937
475 1940
475 1963
475 1979
476 1037
476 1113
476 1465
476 1564
476 1935
476 1940
477 1090
477 1209
477 1259
477 1310
477 1366
477 1382
477 1629
477 1823
477 1943
478 1382
478 1518
478 1544
478 1834
478 1985
479 1419
479 1477
479 1641
479 1847
479 1919
479 1928
479 1984
48 1068
48 1142
48 1152
48 1283
48 1439
48 1568
48 1610
48 1641
48 1876
480 1077
480 1373
480 1560
480 1563
480 1682
480 1846
481 1004
481 1029
481 1105
481 1181
481 1241
481 1263
481 1333
481 1352
481 1405
481 1449
481 1647
481 1779
481 1787
481 1876
481 1902
481 1930
482 1146
482 1191
482 1250
482 1360
482 1438
482 1517
482 1692
482 1730
482 1733
482 1831
483 1509
483 1520
483 1635
483 1700
483 1771
483 1876
484 1078
484 1183
484 1231
484 1372
484 1430
484 1475
484 1803
484 1893
485 1093
485 1153
485 1315
485 1336
485 1341
485 1422
485 1533
485 1551
485 1655
485 1698
485 1702
485 1955
486 1103
486 1230
486 1333
486 1580
486 1691
486 1753
486 1931
487 1051
487 1140
487 1467
487 1490
487 1529
487 1573
487 1969
487 1978
488 1156
488 1239
488 1441
488 1446
488 1515
488 1622
488 1773
488 1785
488 1948
488 1958
489 1243
489 1340
489 1375
489 1391
489 1396
489 1404
489 1483
489 1786
489 1866
489 1936
489 1995
49 1031
49 1087
49 1252
49 1317
49 1339
49 1381
49 1414
49 1706
49 1860
49 1934
490 1003
490 1013
490 1277
490 1304
490 1445
490 1721
490 1736
490 1766
490 1965
490 1998
491 1154
491 1235
491 1437
491 1593
491 1618
491 1887
491 1891
492 1471
492 1750
493 1002
493 1042
493 1045
493 1193
493 1201
493 1266
493 1295
493 1491
493 1857
494 1020
494 1092
494 1098
494 1133
494 1218
494 1295
494 1313
494 1402
494 1539
494 1929
495 1034
495 1055
495 1238
495 1329
495 1381
495 1417
495 1460
495 1462
495 1500
495 1527
495 1684
496 1038
496 1239
496 1954
496 1986
497 1179
497 1187
497 1229
497 1238
497 1332
497 1357
497 1392
497 1713
497 1832
498 1069
498 1151
498 1232
498 1261
498 1348
498 1785
498 1792
498 1940
499 1108
499 1113
499 1154
499 1676
499 1838
499 1842
499 1897
5 1052
5 1102
5 1192
5 1286
5 1379
5 1454
5 1603
5 1738
5 1869
5 1908
50 1028
50 1246
50 1798
50 1944
500 1153
500 1316
500 1378
500 1545
500 1796
500 1803
500 1938
501 1013
501 1070
501 1114
501 1123
501 1207
501 1479
501 1518
501 1978
502 1385
502 1544
502 1619
502 1801
502 1885
502 1937
502 1976
502 1983
503 1042
503 1157
503 1201
503 1384
503 1427
503 1447
503 1544
503 1597
503 1670
504 1154
504 1328
504 1366
504 1797
505 1034
505 1162
505 1817
506 1223
506 1287
506 1379
506 1398
506 1457
506 1469
506 1544
506 1555
506 1677
506 1737
507 1088
507 1139
507 1856
508 1014
508 1266
508 1330
508 1547
508 1784
508 1829
509 1069
509 1072
509 1080
509 1102
509 1182
509 1436
509 1601
509 1630
509 1643
509 1702
509 1742
509 1925
51 1001
51 1093
51 1145
51 1217
51 1297
51 1569
51 1590
51 1599
510 1052
510 1081
510 1164
510 1456
510 1479
510 1693
511 1075
511 1470
511 1584
511 1744
511 1828
511 1834
511 1859
512 1071
512 1188
512 1256
512 1353
512 1664
512 1701
512 1734
512 1974
513 1095
513 1397
513 1596
513 1624
513 1710
513 1740
513 1810
514 1101
514 1118
514 1208
514 1215
514 1296
514 1368
514 1378
514 1382
514 1490
514 1697
514 1794
514 1796
514 1805
514 1842
514 1977
515 1080
515 1169
515 1440
515 1507
515 1687
515 1761
516 1098
516 1116
516 1316
516 1404
516 1865
517 1380
517 1405
517 1430
517 1472
517 1621
517 1729
517 1800
518 1080
518 1111
518 1128
518 1140
518 1266
518 1562
518 1584
518 1675
518 1766
518 1856
518 1941
519 1055
519 1057
519 1077
519 1116
519 1550
519 1692
519 1829
519 1889
519 1900
519 1953
52 1032
52 1091
52 1235
52 1250
52 1267
52 1353
52 1504
52 1619
52 1727
52 1881
520 1306
520 1351
520 1701
520 1875
521 1284
521 1286
521 1309
521 1320
521 1429
521 1578
521 1831
522 1123
522 1170
522 1174
522 1436
522 1538
522 1867
522 1987
523 1515
523 1561
523 1639
523 1698
523 1736
523 1939
524 1075
524 1215
524 1967
524 1975
525 1122
525 1142
525 1153
525 1230
525 1263
525 1306
525 1645
525 1687
526 1059
526 1388
526 1576
526 1693
526 1766
526 1880
526 1937
527 1044
527 1381
527 1654
527 1738
528 1038
528 1151
528 1400
528 1662
528 1673
528 1825
528 1864
528 1940
528 1946
529 1173
529 1201
529 1255
529 1300
529 1310
529 1358
529 1377
529 1698
529 1836
529 1901
529 1927
529 1975
53 1198
53 1319
53 1348
53 1487
53 1577
53 1878
530 1056
530 1129
530 1148
530 1216
530 1428
530 1679
530 1776
530 1847
530 1907
530 1933
531 1121
531 1216
531 1232
531 1345
531 1356
531 1915
531 1924
531 1979
532 1064
532 1122
532 1169
532 1200
532 1436
532 1543
532 1544
532 1569
532 1707
532 1948
533 1031
533 1067
533 1105
533 1264
533 1271
533 1564
533 1585
533 1774
533 1931
534 1006
534 1330
534 1335
534 1595
534 1729
534 1757
534 1786
535 1385
535 1490
535 1558
535 1612
535 1633
535 1697
535 1705
535 1941
535 1951
536 1068
536 1085
536 1145
536 1416
536 1557
536 1699
536 1956
536 1979
537 1198
537 1265
537 1274
537 1346
537 1389
537 1393
537 1663
537 1858
537 1871
537 1940
537 1956
538 1103
538 1137
538 1217
538 1236
538 1287
538 1380
538 1388
538 1582
538 1595
538 1680
538 1733
538 1792
538 1913
539 1011
539 1073
539 1153
539 1327
539 1429
539 1437
539 1591
539 1685
539 1993
539 1997
54 1056
54 1169
54 1253
54 1343
54 1442
54 1472
54 1785
54 1821
540 1087
540 1210
540 1218
540 1252
540 1311
540 1365
540 1541
541 1010
541 1058
541 1090
541 1360
541 1623
541 1675
541 1872
541 1930
541 1994
542 1152
542 1177
542 1514
542 1564
542 1640
542 1801
542 1811
542 1842
542 1875
543 1439
543 1450
543 1466
543 1547
543 1698
543 1819
543 1968
544 1004
544 1034
544 1127
544 1325
544 1537
545 1007
545 1024
545 1153
545 1230
545 1842
545 1892
546 1224
546 1287
546 1298
546 1466
546 1469
546 1515
546 1527
546 1653
546 1708
546 1975
547 1074
547 1082
547 1149
547 1692
547 1933
548 1176
548 1192
548 1445
548 1478
548 1652
548 1777
548 1786
548 1842
549 1026
549 1154
549 1179
549 1253
549 1354
549 1377
549 1755
549 1769
55 1178
55 1240
55 1671
55 1925
55 1951
550 1016
550 1037
550 1134
550 1176
550 1217
550 1319
550 1444
550 1696
550 1782
551 1006
551 1324
551 1389
551 1448
551 1481
551 1542
551 1697
551 1704
551 1893
551 1964
551 1987
552 1157
552 1237
552 1521
552 1724
552 1883
552 1895
552 1918
553 1128
553 1204
553 1314
553 1371
553 1511
553 1634
553 1923
553 1930
553 1995
554 1401
554 1456
554 1667
554 1836
555 1039
555 1083
555 1232
555 1537
555 1582
555 1618
555 1689
555 1895
555 2000
556 1004
556 1030
556 1445
556 1852
557 1271
557 1312
557 1486
557 1629
557 1692
557 1714
557 1976
558 1093
558 1207
558 1540
558 1612
558 1646
558 1715
558 1906
559 1144
559 1181
559 1306
559 1336
559 1454
559 1492
559 1751
56 1040
56 1081
56 1233
56 1296
56 1380
56 1456
56 1564
56 1599
56 1621
56 1732
56 1749
56 1784
56 1842
560 1044
560 1163
560 1241
560 1250
560 1413
560 1807
561 1138
561 1357
561 1420
561 1470
561 1667
561 1893
562 1049
562 1159
562 1268
562 1285
562 1341
562 1353
562 1587
562 1658
562 1683
562 1791
562 1919
563 1139
563 1566
563 1693
563 1714
563 1817
563 1882
564 1050
564 1138
564 1304
564 1543
564 1677
564 1803
564 1927
565 1268
565 1312
565 1384
565 1398
565 1430
565 1737
565 1885
565 1945
566 1014
566 1042
566 1080
566 1081
566 1101
566 1153
566 1418
566 1448
566 1531
566 1593
566 1645
567 1362
567 1469
567 1514
567 1585
567 1594
567 1629
567 1640
567 1730
567 1817
567 1832
568 1032
568 1041
568 1090
568 1131
568 1197
568 1272
568 1280
568 1284
568 1454
568 1482
568 1529
568 1906
568 1930
569 1044
569 1315
569 1363
569 1415
569 1562
569 1624
569 1887
569 1936
57 1327
57 1384
57 1386
57 1507
57 1576
57 1873
57 1911
57 1946
57 1965
570 1028
570 1149
570 1246
570 1305
570 1391
570 1456
570 1924
570 1937
571 1016
571 1162
571 1192
571 1411
571 1626
571 1635
571 1697
571 1756
571 1813
571 1984
572 1155
572 1292
572 1636
572 1710
572 1785
572 1813
572 1814
572 1853
572 1892
572 1908
572 1933
573 1085
573 1194
573 1218
573 1265
573 1660
573 1885
574 1011
574 1054
574 1092
574 1146
574 1259
574 1473
574 1481
574 1807
574 1815
574 1857
575 1004
575 1293
575 1705
575 1784
575 1818
575 1855
575 1959
576 1176
576 1243
576 1371
576 1463
577 1047
577 1104
577 1209
577 1325
577 1327
577 1383
577 1413
577 1597
577 1689
577 1804
577 1811
578 1094
578 1126
578 1160
578 1201
578 1319
578 1409
578 1493
578 1494
578 1522
579 1319
579 1351
579 1414
579 1527
579 1531
579 1720
579 1807
58 1194
58 1205
58 1210
58 1331
58 1578
58 1647
58 1709
58 1721
58 1939
58 1964
580 1192
580 1221
580 1228
580 1240
580 1268
580 1292
580 1440
580 1755
580 1766
580 1832
580 1990
581 1001
581 1012
581 1322
581 1374
581 1652
581 1659
581 1707
581 1798
581 1977
582 1098
582 1135
582 1601
582 1656
582 1754
582 1760
582 1775
582 1845
582 1864
582 1947
583 1037
583 1171
583 1239
583 1950
583 1988
584 1218
584 1393
584 1486
584 1762
584 1812
584 1995
585 1141
585 1145
585 1159
585 1176
585 1239
585 1257
585 1573
585 1634
585 1830
586 1003
586 1056
586 1067
586 1247
586 1378
586 1414
586 1445
586 1501
586 1505
586 1571
586 1590
586 1687
586 1734
586 1842
586 1867
586 1961
586 1967
587 1117
587 1312
587 1371
587 1390
587 1463
587 1573
587 1607
587 1661
587 1764
587 1893
587 1897
588 1073
588 1231
588 1503
588 1570
588 1622
588 1770
588 1896
588 1971
588 1991
589 1009
589 1142
589 1271
589 1486
589 1534
589 1598
589 1657
589 1736
589 1911
589 1937
589 1980
59 1010
59 1108
59 1256
59 1416
59 1449
59 1499
59 1566
59 1804
59 1892
59 1935
590 1033
590 1213
590 1364
590 1440
590 1497
590 1527
590 1564
590 1753
590 1773
591 1018
591 1043
591 1106
591 1160
591 1307
591 1389
591 1436
591 1558
591 1668
591 1696
591 1718
591 1762
591 1883
592 1045
592 1162
592 1201
592 1267
592 1277
592 1440
592 1594
592 1598
592 1688
592 1756
592 1847
593 1054
593 1128
593 1264
593 1330
593 1628
593 1640
593 1670
593 1690
593 1814
593 1929
594 1044
594 1360
594 1731
594 1758
595 1602
595 1686
595 1947
596 1188
596 1531
596 1755
597 1341
597 1446
597 1501
597 1705
597 1789
597 1962
597 1983
598 1055
598 1313
598 1400
598 1418
598 1467
598 1627
598 1802
598 1847
598 1919
599 1321
599 1345
599 1460
599 1493
599 1549
599 1569
6 1093
6 1428
6 1555
6 1560
6 1626
6 1737
6 1754
6 1902
6 1956
6 1998
60 1141
60 1199
60 1334
60 1389
60 1629
60 1708
60 1737
60 1859
60 1914
600 1010
600 1062
600 1077
600 1380
600 1428
600 1489
600 1852
600 1859
600 1975
600 1979
601 1015
601 1366
601 1575
601 1956
601 1974
602 1155
602 1321
602 1476
602 1499
602 1568
602 1589
602 1665
602 1703
602 1873
603 1015
603 1198
603 1253
603 1284
603 1878
604 1171
604 1255
604 1275
604 1566
604 1597
604 1771
604 1848
604 1899
604 1927
605 1216
605 1518
605 1600
605 1634
605 1645
605 1658
605 1686
605 1714
605 1950
606 1016
606 1033
606 1097
606 1422
606 1430
606 1514
606 1646
606 1827
606 1985
607 1346
607 1493
607 1578
607 1959
607 1968
608 1116
608 1142
608 1737
608 1826
608 1863
608 1955
608 1979
609 1005
609 1602
609 1686
609 1749
609 1767
609 1952
61 1080
61 1241
61 1284
61 1587
61 1778
61 1800
61 1810
61 1813
61 1845
61 1847
61 1864
61 1909
610 1119
610 1203
610 1211
610 1219
610 1496
610 1564
610 1795
610 1898
610 1965
611 1107
611 1344
611 1364
611 1415
611 1568
611 1626
611 1760
611 1889
611 1943
612 1043
612 1217
612 1223
612 1225
612 1392
612 1515
612 1566
612 1873
613 1009
613 1023
613 1158
613 1165
613 1249
613 1270
613 1339
613 1414
613 1493
613 1545
613 1816
613 1867
614 1065
614 1181
614 1261
614 1518
614 1526
614 1721
614 1757
614 1907
615 1331
615 1365
615 1444
615 1609
615 1771
615 1803
616 1253
616 1497
616 1514
616 1583
616 1752
616 1852
616 1901
616 1954
617 1055
617 1124
617 1276
617 1284
617 1378
617 1471
617 1478
617 1557
617 1609
617 1809
617 1832
617 1907
618 1110
618 1182
618 1234
618 1272
618 1398
618 1724
618 1777
619 1016
619 1054
619 1404
619 1496
619 1842
619 1861
62 1010
62 1089
62 1225
62 1231
62 1279
62 1469
62 1548
62 1562
62 1621
62 1840
62 1963
620 1011
620 1078
620 1420
620 1575
620 1645
620 1898
620 1992
621 1004
621 1058
621 1286
621 1545
621 1806
621 1885
621 1984
622 1033
622 1091
622 1251
622 1510
622 1545
622 1696
622 1807
622 1821
622 1859
622 1925
622 1926
623 1195
623 1283
623 1443
623 1493
623 1563
623 1633
623 1683
623 1738
623 1750
623 1753
623 1754
623 1791
624 1213
624 1302
624 1333
624 1420
624 1467
624 1549
624 1603
624 1728
624 1904
625 1077
625 1086
625 1116
625 1190
625 1246
625 1458
625 1552
625 1629
625 1902
626 1081
626 1128
626 1133
626 1164
626 1365
626 1459
626 1754
626 1777
626 1907
626 1978
627 1015
627 1292
627 1426
627 1431
627 1503
627 1829
627 1881
627 1959
627 1965
628 1058
628 1059
628 1184
628 1234
628 1616
628 1795
628 1799
628 1866
628 1890
629 1088
629 1095
629 1338
629 1357
629 1907
629 1934
63 1202
63 1336
63 1753
63 1957
630 1067
630 1488
630 1509
630 1622
630 1702
630 1745
630 1787
630 1891
631 1029
631 1093
631 1094
631 1157
631 1249
631 1405
631 1484
631 1489
631 1596
631 1600
631 1658
631 1937
632 1005
632 1081
632 1126
632 1271
632 1704
632 1903
632 1927
632 1942
632 1948
633 1135
633 1211
633 1316
633 1355
633 1454
633 1522
633 1718
633 1968
634 1187
634 1226
634 1442
634 1449
634 1524
634 1674
634 1773
634 1935
634 1974
634 1995
635 1072
635 1108
635 1117
635 1133
635 1199
635 1212
635 1268
635 1759
635 1905
635 1972
636 1172
636 1351
636 1436
636 1489
636 1516
636 1536
636 1592
636 1860
636 1985
637 1033
637 1083
637 1324
637 1447
637 1593
637 1609
637 1702
638 1189
638 1444
638 1658
638 1691
639 1036
639 1087
639 1178
639 1638
639 1726
639 1888
64 1070
64 1215
64 1251
64 1477
640 1129
640 1278
640 1374
640 1413
640 1688
640 1817
640 1902
641 1074
641 1146
641 1255
641 1373
641 1429
641 1501
642 1006
642 1633
642 1931
642 1993
643 1205
643 1235
643 1349
643 1461
643 1463
643 1620
643 1643
643 1670
643 1703
643 1736
643 1765
643 1989
644 1035
644 1130
644 1346
644 1352
644 1514
644 1571
644 1593
644 1663
644 1883
644 1999
645 1195
645 1269
645 1779
645 1780
645 1874
645 1912
646 1243
646 1335
646 1375
646 1630
646 1837
646 1899
647 1106
647 1245
647 1787
647 1960
648 1083
648 1099
648 1203
648 1297
648 1302
648 1308
648 1741
648 1752
648 1774
649 1008
649 1032
649 1140
649 1163
649 1317
649 1653
65 1128
65 1167
65 1356
65 1582
65 1695
65 1736
65 1805
650 1039
650 1399
650 1470
650 1473
650 1716
650 1781
650 1854
651 1104
651 1244
651 1279
651 1412
651 1715
651 1727
652 1003
652 1170
652 1349
652 1371
652 1433
652 1447
652 1449
652 1632
652 1797
653 1139
653 1225
653 1387
653 1420
653 1657
653 1805
653 1858
653 1877
653 1912
653 1940
654 1144
654 1176
654 1293
654 1496
654 1635
654 1666
654 1775
654 1868
654 1913
654 1941
655 1036
655 1271
655 1349
656 1080
656 1113
656 1184
656 1307
656 1325
656 1730
657 1182
657 1456
657 1705
657 1712
657 1744
658 1085
658 1143
658 1197
658 1246
658 1302
658 1780
659 1041
659 1330
659 1459
659 1483
659 1485
659 1593
659 1769
659 1940
66 1209
66 1225
66 1349
66 1384
66 1464
66 1732
66 1740
660 1164
660 1376
660 1424
660 1467
660 1519
660 1523
660 1637
660 1641
660 1706
660 1949
661 1022
661 1694
661 1819
661 1861
661 1870
661 1946
662 1101
662 1457
662 1498
662 1577
662 1763
662 1835
662 1871
662 1968
663 1067
663 1088
663 1258
663 1414
663 1537
663 1542
663 1593
663 1903
664 1120
664 1157
664 1307
664 1312
664 1367
664 1369
664 1374
664 1646
664 1739
664 1800
665 1261
665 1545
665 1694
665 1720
666 1108
666 1438
666 1476
666 1612
666 1688
666 1817
666 1871
666 1892
667 1176
667 1441
667 1589
667 1640
667 1743
668 1102
668 1138
668 1656
668 1747
668 1950
668 1974
669 1041
669 1132
669 1160
669 1420
669 1581
669 1655
669 1734
669 1791
669 1946
669 1971
67 1247
67 1449
67 1595
67 1646
67 1719
67 1999
670 1217
670 1438
670 1457
670 1563
670 1613
670 1865
670 1879
671 1179
671 1242
671 1324
671 1661
671 1767
671 1816
671 1904
671 1930
672 1317
672 1377
672 1429
672 1652
672 1802
672 1810
672 1909
672 1914
672 1971
673 1048
673 1204
673 1244
673 1266
673 1268
673 1299
673 1693
673 1746
673 1826
673 1881
673 1884
674 1049
674 1394
674 1402
674 1436
674 1729
674 1766
674 1869
674 1890
674 1942
674 1992
675 1277
675 1327
675 1390
675 1501
675 1561
675 1685
675 1693
675 1708
675 1786
675 1932
676 1079
676 1147
676 1369
676 1498
677 1031
677 1119
677 1399
677 1418
677 1702
677 1747
677 1945
678 1042
678 1236
678 1349
678 1433
678 1530
678 1872
678 1958
679 1030
679 1064
679 1104
679 1118
679 1188
679 1240
679 1301
679 1410
679 1494
679 1634
679 1882
68 1113
68 1160
68 1356
68 1733
68 1759
680 1005
680 1068
680 1088
680 1099
680 1227
680 1417
680 1420
680 1458
680 1511
680 1580
681 1467
681 1482
681 1532
681 1544
681 1705
681 1780
681 1782
681 1862
682 1020
682 1104
682 1160
682 1343
682 1532
683 1128
683 1347
683 1380
683 1607
683 1989
684 1052
684 1302
684 1381
684 1752
684 1840
684 1859
684 1870
684 1991
685 1206
685 1360
685 1531
685 1553
685 1561
685 1650
685 1741
685 1827
685 1840
685 1881
685 1978
686 1081
686 1114
686 1430
686 1459
686 1564
686 1696
687 1190
687 1272
687 1315
687 1535
687 1577
687 1684
687 1823
687 1900
688 1050
688 1273
688 1576
688 1670
688 1771
688 1880
688 1893
689 1154
689 1214
689 1247
689 1550
689 1628
689 1733
689 1860
689 1885
689 1910
69 1588
69 1708
69 1750
69 1786
69 1941
69 1950
69 1954
690 1131
690 1254
690 1476
690 1596
690 1957
690 1984
691 1130
691 1359
691 1569
691 1599
691 1606
692 1165
692 1233
692 1803
692 1838
693 1211
693 1248
693 1260
693 1360
693 1516
693 1573
693 1761
693 1881
694 1099
694 1274
694 1583
694 1730
694 1773
694 1937
695 1312
695 1352
695 1419
695 1471
695 1532
695 1743
695 1785
695 1971
696 1141
696 1322
696 1470
696 1481
696 1704
697 1189
697 1366
697 1664
697 1736
698 1012
698 1063
698 1195
698 1318
698 1348
698 1351
698 1552
698 1555
698 1719
698 1763
698 1926
699 1220
699 1256
699 1307
699 1604
699 1607
699 1630
699 1810
7 1018
7 1051
7 1157
7 1180
7 1482
7 1577
7 1653
7 1661
7 1685
7 1699
7 1745
7 1936
70 1071
70 1181
70 1223
70 1237
70 1282
70 1287
70 1308
70 1430
70 1439
70 1527
70 1593
70 1649
70 1815
70 1967
70 1990
70 1996
700 1012
700 1116
700 1140
700 1231
700 1390
700 1425
700 1427
700 1703
700 1720
701 1003
701 1038
701 1125
701 1133
701 1641
701 1699
701 1813
701 1835
701 1899
701 1998
702 1117
702 1124
702 1373
702 1531
702 1623
702 1688
702 1944
702 1972
703 1453
703 1461
703 1650
703 1819
704 1517
704 1570
704 1876
704 1917
704 1968
705 1086
705 1161
705 1288
705 1313
705 1540
705 1692
705 1759
705 1866
706 1044
706 1150
706 1218
706 1294
706 1317
706 1418
706 1604
706 1676
706 1756
706 1784
706 1954
707 1039
707 1374
707 1463
707 1688
707 1751
708 1216
708 1434
708 1578
708 1602
708 1659
708 1805
709 1137
709 1384
709 1459
709 1519
709 1712
709 1868
71 1045
71 1256
71 1326
71 1393
71 1478
71 1551
71 1687
71 1714
71 1850
710 1164
710 1326
710 1423
710 1576
710 1605
710 1613
711 1076
711 1247
711 1407
711 1506
711 1509
711 1526
711 1587
711 1603
711 1835
712 1236
712 1276
712 1372
712 1593
712 1697
712 1795
712 1820
712 1867
713 1058
713 1110
713 1307
713 1480
713 1488
713 1583
714 1241
714 1578
714 1682
714 1697
715 1153
715 1393
715 1446
715 1583
715 1682
716 1019
716 1031
716 1415
716 1450
716 1930
717 1019
717 1166
717 1203
717 1321
717 1604
717 1607
718 1219
718 1297
718 1299
718 1460
718 1552
718 1592
718 1760
718 1898
718 1989
719 1102
719 1171
719 1355
719 1419
719 1468
719 1535
719 1586
719 1676
719 1830
719 1911
719 1932
72 1197
72 1205
72 1572
72 1677
72 1821
72 1835
72 1861
720 1160
720 1198
720 1235
720 1532
720 1587
720 1763
720 1808
720 1839
721 1064
721 1192
721 1394
721 1410
721 1503
721 1789
722 1150
722 1270
722 1392
722 1483
722 1590
722 1751
722 1919
723 1152
723 1200
723 1270
723 1323
723 1327
723 1517
723 1518
723 1622
723 1685
723 1764
724 1158
724 1163
724 1209
724 1417
724 1428
724 1990
725 1065
725 1093
725 1394
725 1743
725 1769
726 1047
726 1062
726 1086
726 1152
726 1380
726 1538
726 1718
726 1766
726 1883
727 1342
727 1548
727 1568
727 1636
727 1763
727 1773
727 1897
727 1965
728 1354
728 1481
728 1535
728 1794
728 1873
728 1927
729 1116
729 1219
729 1225
729 1266
729 1308
729 1372
729 1374
729 1460
729 1534
729 1634
729 1640
729 1702
729 1848
73 1015
73 1387
73 1615
73 1708
73 1748
73 1870
730 1041
730 1310
730 1355
730 1573
730 1752
730 1805
730 1855
731 1042
731 1250
731 1310
731 1615
731 1643
731 1660
731 1777
731 1871
731 1930
731 1985
732 1040
732 1258
732 1431
732 1504
732 1547
732 1679
732 1840
732 1889
732 1901
732 1967
733 1066
733 1177
733 1269
733 1323
733 1335
733 1548
733 1579
733 1602
733 1860
733 1971
734 1159
734 1305
734 1322
734 1374
734 1520
734 1556
734 1669
734 1952
735 1161
735 1497
735 1703
735 1715
735 1803
735 1862
735 1872
736 1187
736 1237
736 1339
736 1566
736 1571
736 1586
736 1739
737 1022
737 1082
737 1220
737 1354
737 1511
737 1890
738 1088
738 1109
738 1167
738 1253
738 1363
738 1431
738 1552
739 1095
739 1185
739 1327
739 1391
739 1437
739 1614
739 1644
739 1668
739 1913
74 1111
74 1182
74 1196
74 1331
74 1435
74 1469
74 1512
74 1639
74 1784
74 1930
74 1946
740 1449
740 1631
740 1633
740 1678
740 1795
740 1832
741 1053
741 1298
741 1407
741 1423
741 1773
741 1787
742 1015
742 1323
742 1501
742 1522
742 1529
742 1574
742 1615
742 1687
742 1796
742 1808
743 1330
743 1386
743 1424
743 1452
743 1465
743 1607
743 1672
743 1821
743 1906
743 1953
743 1972
744 1090
744 1117
744 1188
744 1359
744 1430
744 1449
744 1681
745 1014
745 1087
745 1195
745 1226
745 1252
745 1263
745 1275
745 1344
745 1372
745 1563
745 1769
745 1782
745 1974
746 1101
746 1233
746 1359
746 1545
746 1565
746 1982
747 1027
747 1064
747 1104
747 1318
747 1377
747 1842
748 1206
748 1210
748 1441
749 1194
749 1225
749 1256
749 1287
749 1388
749 1396
749 1412
749 1704
749 1913
749 1919
75 1088
75 1243
75 1384
75 1457
75 1580
75 1637
75 1778
75 1830
75 1917
750 1164
750 1178
750 1236
750 1352
750 1534
750 1545
750 1599
750 1640
750 1676
750 1708
750 1748
750 1827
751 1144
751 1205
751 1278
751 1395
751 1589
751 1609
751 1867
751 1893
751 1972
752 1110
752 1236
752 1675
752 1760
752 1827
752 1834
752 1878
752 1882
752 1891
753 1207
753 1258
753 1261
753 1387
753 1407
753 1443
753 1947
753 1953
754 1233
754 1529
754 1699
754 1735
754 1800
754 1863
755 1017
755 1103
755 1350
755 1889
755 1915
755 1994
756 1434
756 1580
756 1641
756 1648
756 1654
756 1941
756 1964
756 1996
757 1035
757 1219
757 1670
757 1677
757 1708
757 1777
757 1815
757 1820
757 1859
757 1976
758 1043
758 1061
758 1484
758 1522
758 1553
758 1615
758 1642
758 1785
758 1841
758 1926
759 1043
759 1109
759 1486
759 1500
759 1714
759 1767
759 1777
759 1872
759 1873
759 1877
759 1890
76 1081
76 1209
76 1214
76 1234
76 1247
76 1398
76 1574
76 1833
76 2000
760 1019
760 1096
760 1272
760 1274
760 1352
760 1653
761 1375
761 1578
761 1754
761 1849
761 1862
761 1977
761 1991
762 1350
762 1356
762 1795
762 1844
763 1049
763 1091
763 1123
763 1247
763 1407
763 1636
763 1858
764 1289
764 1310
764 1314
764 1379
764 1428
764 1537
764 1570
764 1617
764 1677
764 1756
764 1763
764 1791
764 1846
764 1869
764 1987
765 1099
765 1228
765 1851
766 1543
766 1569
766 1924
767 1037
767 1200
767 1506
767 1541
767 1613
767 1660
767 1813
767 1905
767 1955
768 1258
768 1601
768 1626
768 1640
768 1878
768 1891
768 1939
769 1011
769 1058
769 1146
769 1295
769 1487
769 1594
769 1754
769 1880
769 1964
77 1090
77 1153
77 1274
77 1465
77 1718
77 1873
770 1581
770 1680
770 1726
770 1798
770 1949
771 1339
771 1432
771 1641
771 1685
771 1775
771 1805
771 1993
772 1105
772 1118
772 1278
772 1351
772 1415
772 1587
772 1671
772 1734
772 1865
772 1871
772 1908
773 1119
773 1208
773 1344
773 1352
773 1377
773 1388
773 1449
773 1492
773 1756
773 1921
773 1999
774 1051
774 1092
774 1208
774 1442
774 1797
774 1818
774 1822
775 1053
775 1502
775 1774
775 1906
776 1005
776 1119
776 1205
776 1328
776 1648
777 1231
777 1561
777 1566
777 1827
777 1937
778 1063
778 1502
778 1700
778 1769
778 1839
778 1920
778 1971
779 1114
779 1210
779 1321
779 1371
779 1382
779 1415
779 1768
779 1863
779 1938
779 1949
779 1970
78 1129
78 1261
78 1593
78 1723
78 1808
78 1965
780 1173
780 1616
780 1684
780 1713
780 1887
780 1995
781 1140
781 1141
781 1193
781 1361
781 1754
781 1779
781 1806
781 1865
781 1957
782 1201
782 1246
782 1247
782 1330
782 1385
782 1678
782 1739
782 1817
783 1074
783 1117
783 1282
783 1623
783 1815
783 1817
783 1932
784 1319
784 1340
784 1395
784 1401
784 1505
784 1538
784 1614
784 1637
784 1724
784 1838
784 1939
785 1035
785 1329
785 1414
785 1522
785 1580
785 1632
785 1726
785 1825
785 1843
786 1011
786 1171
786 1306
786 1399
786 1523
786 1780
787 1097
787 1406
787 1783
787 1825
787 1969
787 1978
788 1015
788 1021
788 1170
788 1206
788 1210
788 1260
788 1699
788 1806
788 1996
789 1031
789 1273
789 1307
789 1420
789 1451
789 1499
789 1670
789 1673
789 1725
789 1752
789 1844
789 1894
79 1046
79 1088
79 1170
79 1174
79 1243
79 1312
79 1539
79 1861
79 1943
79 1996
790 1144
790 1284
790 1408
790 1554
790 1892
791 1158
791 1272
791 1283
791 1325
791 1366
791 1546
791 1672
791 1707
791 1749
791 1761
791 1825
792 1086
792 1160
792 1260
792 1473
792 1606
792 1645
792 1650
792 1670
792 1807
793 1007
793 1040
793 1509
793 1599
793 1688
793 1907
793 1972
794 1084
794 1110
794 1169
794 1223
794 1596
794 1626
794 1997
795 1015
795 1054
795 1219
795 1341
795 1493
795 1837
796 1052
796 1085
796 1178
796 1333
797 1008
797 1146
797 1220
797 1399
797 1512
797 1790
797 1827
797 1873
797 1894
797 1899
798 1025
798 1101
798 1112
798 1437
798 1504
798 1540
798 1704
798 1735
798 1878
798 1908
799 1085
799 1217
799 1430
799 1482
799 1558
799 1597
799 1678
799 1778
799 1996
8 1154
8 1156
8 1164
8 1178
8 1417
8 1506
8 1576
8 1631
8 1635
8 1695
8 1752
8 1815
8 1838
8 1903
8 1946
80 1012
80 1026
80 1030
80 1106
80 1408
80 1427
80 1562
80 1811
80 1822
80 1825
80 1860
800 1328
800 1380
800 1508
800 1634
801 1058
801 1059
801 1180
801 1185
801 1290
801 1292
801 1293
801 1347
801 1386
801 1425
801 1468
801 1503
801 1674
801 1838
801 1909
801 1919
802 1240
802 1328
802 1410
802 1526
802 1541
802 1562
803 1055
803 1306
803 1308
803 1618
803 1923
803 1958
804 1116
804 1143
804 1250
804 1319
804 1611
804 1803
804 1839
804 1842
804 1857
804 1943
804 1947
804 1967
805 1114
805 1225
805 1293
805 1304
805 1346
805 1536
805 1568
805 1769
806 1016
806 1048
806 1222
806 1312
806 1349
806 1553
806 1661
806 1723
806 1980
807 1092
807 1126
807 1461
807 1484
807 1524
807 1550
807 1713
807 1754
807 1762
807 1795
807 1835
808 1294
808 1334
808 1622
808 1704
808 1954
809 1017
809 1301
809 1473
809 1490
809 1901
81 1260
81 1478
81 1491
81 1512
81 1691
81 1773
81 1860
81 1888
81 1947
81 1968
81 1996
810 1063
810 1124
810 1243
810 1307
810 1502
810 1596
810 1776
810 1914
810 1949
810 1983
811 1412
811 1438
811 1506
811 1784
811 1843
811 1935
811 1959
812 1042
812 1075
812 1092
812 1162
812 1208
812 1258
812 1600
812 1706
812 1844
813 1054
813 1187
813 1275
813 1396
813 1472
813 1577
813 1641
813 1652
813 1938
814 1070
814 1104
814 1132
814 1139
814 1187
814 1511
814 1599
814 1634
814 1642
814 1900
814 1921
814 1934
814 1995
815 1003
815 1064
815 1112
815 1139
815 1277
815 1453
815 1461
815 1531
815 1541
815 1559
815 1692
815 1784
815 1794
815 1832
815 1974
815 1989
816 1091
816 1203
816 1428
816 1476
816 1547
816 1586
816 1759
816 1785
816 1828
816 1829
817 1086
817 1137
817 1140
817 1180
817 1181
817 1390
817 1600
817 1661
817 1876
818 1123
818 1219
818 1347
818 1472
818 1552
818 1613
818 1778
818 1915
819 1038
819 1069
819 1136
819 1175
819 1250
819 1410
819 1650
819 1879
819 1900
819 1982
82 1019
82 1101
82 1107
82 1277
82 1444
82 1448
82 1596
82 1719
82 1832
820 1148
820 1240
820 1320
820 1397
820 1452
820 1588
820 1981
821 1077
821 1186
821 1205
821 1443
821 1547
821 1756
821 1820
822 1068
822 1346
822 1464
822 1540
822 1747
822 1766
822 1919
823 1280
823 1315
823 1445
823 1722
823 1924
823 1969
823 1972
824 1158
824 1360
824 1393
824 1564
824 1755
824 1800
824 1818
825 1057
825 1099
825 1113
825 1239
825 1349
825 1412
825 1434
825 1497
825 1573
825 1649
825 1762
825 1771
825 1917
825 1954
826 1061
826 1184
826 1187
826 1347
826 1407
826 1636
826 1749
826 1823
826 1856
826 1922
827 1071
827 1173
827 1252
827 1287
827 1433
827 1547
827 1571
827 1962
828 1002
828 1082
828 1234
828 1259
828 1364
828 1543
828 1762
829 1139
829 1415
829 1416
829 1426
829 1459
829 1936
83 1021
83 1040
83 1056
83 1173
83 1337
83 1477
83 1501
83 1751
83 1853
83 1923
83 1954
830 1495
830 1700
830 1727
830 1755
830 1852
830 1933
831 1259
831 1368
831 1397
831 1767
832 1023
832 1102
832 1313
832 1317
832 1325
832 1378
832 1434
832 1438
832 1554
832 1581
832 1678
832 1927
833 1098
833 1194
833 1261
833 1906
834 1041
834 1143
834 1291
834 1451
834 1660
834 1882
834 1997
835 1087
835 1178
835 1250
835 1504
835 1527
835 1534
835 1580
835 1663
835 1792
835 1964
836 1029
836 1215
836 1916
836 1925
836 1939
837 1088
837 1159
837 1585
837 1602
837 1838
837 1983
838 1053
838 1325
838 1374
838 1398
838 1587
838 1699
838 1788
838 1819
839 1157
839 1532
839 1692
839 1714
84 1059
84 1193
84 1206
840 1836
840 1850
840 1882
840 1908
840 1931
840 1988
841 1007
841 1072
841 1209
841 1483
841 1500
841 1566
841 1675
841 1854
842 1096
842 1116
842 1198
842 1214
842 1289
842 1403
842 1571
842 1670
842 1711
842 1743
842 1963
843 1381
843 1402
843 1488
843 1943
844 1263
844 1303
844 1420
844 1504
845 1641
845 1651
845 1690
845 1710
845 1733
845 1795
845 1877
845 1880
845 1916
846 1354
846 1527
846 1689
846 1746
846 1785
847 1148
847 1467
847 1681
847 1683
847 1768
847 1963
848 1370
848 1379
848 1515
848 1552
848 1584
848 1619
848 1972
848 1976
849 1013
849 1060
849 1064
849 1078
849 1087
849 1111
849 1184
849 1342
849 1492
849 1757
849 1866
85 1163
85 1186
85 1338
85 1505
85 1525
85 1537
85 1716
85 1741
85 1743
85 1746
85 1792
85 1824
85 1883
850 1011
850 1083
850 1302
850 1357
850 1594
850 1624
850 1639
850 1688
850 1858
851 1041
851 1717
851 1870
851 1884
852 1010
852 1241
852 1440
852 1518
852 1642
852 1739
852 1872
852 1960
853 1061
853 1066
853 1141
853 1171
853 1259
853 1397
853 1467
853 1496
854 1009
854 1126
854 1191
854 1218
854 1238
854 1264
854 1276
854 1357
854 1490
854 1686
854 1763
854 1783
855 1233
855 1264
855 1736
855 1854
855 1919
855 1972
856 1017
856 1041
856 1163
856 1340
856 1511
856 1618
856 1713
856 1884
856 1909
856 1932
857 1195
857 1414
857 1738
857 1772
858 1012
858 1086
858 1186
858 1210
858 1500
858 1556
858 1596
858 1634
858 1638
858 1933
859 1096
859 1256
859 1432
859 1436
859 1769
86 1199
86 1396
86 1439
86 1455
86 1525
86 1586
86 1761
86 1831
86 1859
860 1120
860 1146
860 1204
860 1458
860 1737
860 1784
860 1825
860 1963
861 1027
861 1086
861 1101
861 1160
861 1209
861 1262
861 1690
861 1876
861 1886
862 1158
862 1232
862 1254
862 1509
862 1787
862 1813
862 1887
862 1891
863 1183
863 1287
863 1337
863 1344
863 1350
863 1393
863 1408
863 1701
863 1759
863 1842
863 1984
863 1988
864 1146
864 1290
864 1405
864 1409
864 1595
864 1759
864 1767
864 1929
865 1040
865 1458
865 1481
865 1671
865 1927
866 1199
866 1228
866 1404
866 1430
866 1698
866 1720
866 1834
867 1223
867 1275
867 1292
867 1527
867 1581
867 1607
867 1725
867 1829
867 1944
867 1969
867 1988
868 1200
868 1366
868 1391
868 1433
868 1563
868 1873
868 1892
869 1171
869 1191
869 1362
869 1368
869 1470
869 1664
869 1751
869 1791
87 1068
87 1156
87 1160
87 1184
87 1258
87 1358
87 1527
87 1536
87 1738
87 1912
870 1240
870 1247
870 1282
870 1344
870 1520
870 1573
870 1680
870 1858
870 1892
870 1911
871 1003
871 1031
871 1088
871 1175
871 1223
871 1255
871 1568
871 1706
871 1887
871 1958
872 1006
872 1014
872 1151
872 1220
872 1226
872 1683
872 1862
872 1917
873 1009
873 1063
873 1125
873 1173
873 1211
873 1442
873 1698
873 1811
873 1822
874 1086
874 1234
874 1270
874 1286
874 1292
874 1486
874 1632
874 1664
874 1785
874 1812
874 1897
874 1942
874 1958
875 1567
875 1653
875 1719
875 1723
875 1756
876 1026
876 1039
876 1179
876 1203
876 1231
876 1262
876 1370
876 1432
876 1434
876 1497
876 1559
876 1825
876 1872
876 1893
877 1060
877 1144
877 1204
877 1214
877 1412
877 1570
877 1606
877 1612
877 1707
877 1731
877 1805
877 1911
877 1962
878 1246
878 1757
878 1846
878 1918
878 1991
879 1204
879 1296
879 1353
879 1399
879 1515
879 1543
879 1593
879 1632
88 1013
88 1024
88 1090
88 1348
88 1523
88 1733
88 1789
880 1041
880 1062
880 1069
880 1284
880 1566
880 1601
880 1675
880 1956
880 1982
881 1136
881 1242
881 1275
881 1296
881 1368
881 1446
881 1514
881 1572
881 1614
881 1623
881 1854
881 1907
882 1005
882 1139
882 1549
882 1634
882 1863
883 1032
883 1268
883 1466
883 1760
883 1912
884 1011
884 1108
884 1215
884 1363
884 1457
884 1565
884 1600
884 1743
885 1064
885 1152
885 1201
885 1356
885 1365
885 1419
885 1477
885 1642
886 1175
886 1412
886 1413
886 1528
886 1545
886 1712
886 1866
886 1888
887 1115
887 1176
887 1553
887 1720
887 1873
887 1921
888 1026
888 1032
888 1121
888 1189
888 1263
888 1385
889 1085
889 1174
889 1238
889 1469
889 1504
889 1586
889 1713
889 1751
889 1780
89 1076
89 1128
89 1255
89 1549
89 1718
89 1751
89 1765
890 1070
890 1272
890 1360
890 1442
890 1453
890 1493
890 1653
890 1687
890 1693
890 1719
890 1969
890 1993
891 1148
891 1151
891 1605
891 1645
891 1930
891 1982
892 1242
892 1327
892 1465
892 1814
892 1950
893 1028
893 1046
893 1101
893 1121
893 1168
893 1171
893 1344
893 1498
893 1556
893 1653
893 1859
893 1880
894 1106
894 1108
894 1338
894 1618
894 1637
894 1691
894 1725
894 1789
894 1983
895 1096
895 1993
896 1027
896 1158
896 1184
896 1213
896 1328
896 1501
896 1600
897 1131
897 1218
897 1252
897 1323
897 1326
897 1348
897 1357
897 1534
897 1674
897 1705
897 1890
898 1049
898 1172
898 1185
898 1225
898 1274
898 1321
898 1345
898 1482
898 1964
898 1974
899 1037
899 1140
899 1162
899 1215
899 1230
899 1250
899 1524
899 1681
899 1751
899 1842
9 1143
9 1181
9 1258
9 1303
9 1463
9 1616
9 1725
9 1862
9 1885
9 1902
9 1966
90 1067
90 1259
90 1616
90 1678
90 1680
90 1937
900 1308
900 1481
900 1586
900 1591
900 1628
901 1003
901 1035
901 1072
901 1565
901 1575
901 1638
901 1691
902 1039
902 1099
902 1229
902 1395
902 1471
902 1667
902 1748
902 1814
903 1325
903 1326
903 1365
903 1480
903 1620
903 1640
903 1805
903 1851
903 1907
904 1071
904 1188
904 1240
904 1362
904 1618
904 1727
904 1731
904 1933
905 1032
905 1176
905 1177
905 1301
905 1474
905 1487
905 1538
905 1666
906 1186
906 1251
906 1382
906 1658
906 1879
907 1022
907 1207
907 1321
907 1598
907 1675
907 1891
907 1964
907 1988
908 1264
908 1402
908 1630
908 1740
908 1939
908 1953
909 1354
909 1488
909 1897
909 1987
91 1115
91 1231
91 1461
91 1969
910 1014
910 1018
910 1350
910 1377
910 1499
910 1512
910 1543
910 1826
910 1841
910 1870
910 1921
911 1024
911 1334
911 1474
911 1528
911 1670
911 1701
911 1738
911 1837
912 1222
912 1256
912 1403
912 1601
912 1716
912 1889
912 1896
912 1939
913 1156
913 1176
913 1255
913 1855
914 1094
914 1111
914 1323
914 1510
914 1582
914 1652
914 1705
914 1911
914 1934
915 1177
915 1315
915 1363
915 1612
915 1803
915 1931
915 1951
916 1004
916 1016
916 1073
916 1169
916 1419
916 1427
916 1433
916 1712
916 1739
916 1876
916 1978
917 1403
917 1461
917 1526
917 1700
917 1770
917 1872
917 1898
918 1046
918 1187
918 1333
918 1962
919 1189
919 1350
919 1357
919 1533
919 1567
919 1653
919 1655
92 1141
92 1258
92 1462
92 1483
92 1593
92 1899
92 1991
920 1013
920 1445
920 1503
920 1525
920 1644
920 1853
920 1937
921 1062
921 1085
921 1179
921 1342
921 1457
921 1590
921 1594
921 1698
921 1814
922 1144
922 1230
922 1511
922 1732
922 1766
922 1859
922 1905
923 1009
923 1180
923 1250
923 1517
923 1530
923 1827
923 1833
923 1992
924 1002
924 1010
924 1096
924 1393
924 1410
924 1480
924 1586
924 1834
924 1882
924 1982
925 1299
925 1553
925 1647
925 1687
925 1720
925 1783
925 1861
925 1975
926 1090
926 1274
926 1290
926 1516
926 1545
926 1558
926 1705
926 1836
926 1907
926 1930
926 1953
927 1258
927 1325
927 1426
927 1568
927 1682
927 1741
927 1777
927 1883
927 1926
928 1217
928 1676
928 1872
928 1876
928 1894
928 1967
929 1247
929 1714
929 1798
929 1881
929 1920
929 1948
929 1965
93 1022
93 1084
93 1393
93 1485
93 1637
93 1758
93 1846
93 1881
93 1944
930 1240
930 1292
930 1333
930 1334
930 1339
930 1414
930 1443
930 1854
930 1883
931 1011
931 1154
931 1176
931 1401
931 1499
931 1578
931 1755
931 1897
932 1009
932 1024
932 1174
932 1355
932 1575
932 1811
932 1858
932 2000
933 1091
933 1170
933 1334
933 1390
933 1639
933 1671
933 1881
933 1886
934 1051
934 1068
934 1093
934 1110
934 1148
934 1166
934 1277
934 1310
934 1324
934 1327
934 1357
934 1368
934 1405
934 1421
934 1425
934 1472
934 1739
934 1774
934 1815
934 1817
934 1852
935 1102
935 1449
935 1481
935 1505
935 1517
935 1538
935 1726
935 1796
935 1855
935 1978
936 1021
936 1259
936 1583
936 1688
937 1095
937 1128
937 1338
937 1345
937 1347
937 1382
937 1540
937 1551
937 1595
937 1761
937 1883
937 1953
938 1311
938 1487
938 1495
938 1567
938 1777
938 1918
939 1025
939 1065
939 1317
939 1513
939 1930
939 1992
94 1150
94 1215
94 1335
94 1513
94 1612
94 1872
940 1099
940 1102
940 1316
940 1497
940 1526
940 1717
940 1827
940 1938
941 1029
941 1226
941 1406
941 1418
941 1422
941 1479
941 1683
941 1706
941 1938
941 1980
942 1148
942 1618
942 1835
942 1984
942 1987
943 1030
943 1126
943 1276
943 1450
943 1451
943 1752
943 1977
943 1986
944 1066
944 1284
944 1321
944 1529
944 1556
944 1779
944 1936
945 1011
945 1094
945 1272
945 1287
945 1520
945 1658
945 1811
945 1951
945 1977
946 1005
946 1041
946 1117
946 1144
946 1329
946 1379
946 1532
946 1675
946 1719
946 1792
946 1820
947 1198
947 1357
947 1505
947 1725
947 1766
947 1891
947 1957
948 1084
948 1213
948 1236
948 1283
948 1332
948 1352
948 1378
948 1556
948 1980
948 1989
949 1078
949 1335
949 1536
949 1614
949 1662
949 1825
949 1843
949 1860
949 1897
949 1978
95 1026
95 1367
95 1391
95 1397
95 1511
95 1582
95 1588
95 1765
950 1013
950 1235
950 1433
950 1591
950 1670
950 1675
950 1809
950 1897
951 1272
951 1343
951 1612
951 1626
951 1734
951 1960
952 1066
952 1375
952 1403
952 1436
952 1509
953 1337
953 1361
953 1387
953 1608
953 1644
953 1715
953 1890
954 1120
954 1316
954 1394
954 1590
954 1659
954 1766
954 1786
954 1840
954 1925
954 1991
955 1259
955 1798
955 1855
955 1918
956 1056
956 1121
956 1358
956 1454
956 1508
956 1524
956 1642
957 1038
957 1059
957 1130
957 1143
957 1229
957 1325
957 1431
957 1731
957 1768
958 1234
958 1265
958 1517
958 1837
958 1885
959 1068
959 1163
959 1210
959 1386
959 1388
959 1435
959 1578
959 1832
959 1858
959 1904
96 1024
96 1188
96 1265
96 1280
96 1310
96 1325
96 1535
96 1921
96 1949
960 1098
960 1233
960 1305
960 1429
960 1777
960 1880
960 1904
961 1150
961 1279
961 1452
961 1508
961 1667
961 1705
961 1816
961 1909
962 1028
962 1074
962 1121
962 1322
962 1363
963 1468
963 1486
963 1815
963 1875
963 1926
963 1972
964 1095
964 1242
964 1301
964 1351
964 1412
964 1471
964 1540
964 1737
964 1918
964 1991
965 1198
965 1665
965 1672
965 1769
966 1005
966 1064
966 1365
966 1483
966 1792
966 1985
967 1010
967 1014
967 1989
968 1116
968 1211
968 1237
968 1294
968 1565
968 1574
968 1675
968 1911
969 1019
969 1416
969 1491
969 1554
969 1639
969 1900
969 1969
97 1005
97 1141
97 1152
97 1234
97 1395
97 1442
97 1535
97 1636
97 1643
97 1650
97 1684
97 1747
97 1844
97 1919
97 1945
970 1013
970 1098
970 1657
970 1658
970 1704
970 1739
970 1848
970 1920
970 1946
971 1103
971 1145
971 1190
971 1220
971 1737
971 1787
971 1890
971 1914
971 1923
972 1078
972 1265
972 1316
972 1330
972 1331
972 1520
972 1552
972 1563
972 1621
973 1048
973 1641
973 1657
973 1800
973 1995
974 1214
974 1292
974 1470
974 1603
974 1722
974 1934
974 1940
975 1075
975 1378
975 1490
975 1538
975 1686
975 1870
976 1100
976 1264
976 1266
976 1280
976 1333
976 1337
976 1392
976 1409
976 1417
976 1494
976 1505
976 1665
976 1811
977 1006
977 1357
978 1014
978 1054
978 1061
978 1077
978 1151
978 1254
978 1366
978 1702
978 1790
978 1833
979 1035
979 1044
979 1062
979 1284
979 1349
979 1490
979 1648
979 1674
979 1722
979 1746
979 1794
979 1992
979 1994
98 1388
98 1492
98 1658
98 1869
980 1335
980 1382
980 1434
980 1439
980 1477
980 1989
981 1071
981 1607
981 1649
981 1936
981 1956
982 1042
982 1169
982 1273
982 1309
982 1324
982 1354
982 1524
982 1610
982 1635
982 1679
983 1187
983 1195
983 1283
983 1405
983 1416
983 1431
983 1508
983 1684
983 1976
984 1032
984 1089
984 1456
984 1465
984 1574
984 1579
984 1933
984 1957
985 1094
985 1126
985 1170
985 1265
985 1538
985 1545
985 1642
985 1696
985 1701
985 1728
985 1731
985 1916
985 1955
986 1059
986 1154
986 1401
986 1404
986 1465
986 1820
986 1987
987 1220
987 1503
987 1557
987 1781
988 1116
988 1240
988 1271
988 1388
988 1505
988 1627
988 1811
988 1885
989 1023
989 1142
989 1176
989 1220
989 1258
989 1301
989 1390
989 1394
989 1460
989 1591
99 1116
99 1295
99 1334
99 1368
99 1434
99 1437
99 1518
99 1559
99 1575
99 1622
99 1678
99 1766
99 1774
99 1781
99 1834
99 1868
990 1004
990 1099
990 1120
990 1287
990 1291
990 1295
990 1430
990 1565
990 1575
990 1720
991 1060
991 1265
991 1282
991 1284
991 1402
991 1602
991 1809
991 1952
992 1039
992 1205
992 1237
992 1274
992 1618
992 1713
992 1714
992 1788
992 1789
992 1932
993 1139
993 1156
993 1246
993 1442
993 1548
993 1560
993 1611
993 1792
993 1974
994 1003
994 1021
994 1073
994 1174
994 1220
994 1473
994 1570
994 1628
994 1658
994 1685
994 1763
994 1807
994 1971
995 1164
995 1240
995 1434
995 1502
995 1553
995 1563
995 1584
995 1850
996 1009
996 1015
996 1063
996 1135
996 1263
996 1343
996 1514
996 1522
996 1545
996 1659
996 1816
996 1874
996 1912
997 1010
997 1138
997 1305
997 1468
997 1567
997 1580
997 1632
997 1719
997 1729
997 1933
997 1948
998 1069
998 1122
998 1132
998 1479
998 1924
999 1026
999 1134
999 1137
999 1289
999 1376
999 1647
999 1994
