Data Analysis
Note: Prices are in USD.
Total Items: 5029
Total Outfits: 1686
Topwears: 3015, Bottomwears: 2014


Distribution of Data

TOPWEARS:

Price Range	No. Of Items	Perc. Of Items	Mean Price	Std. Dev. Price	Mean Vers	Std. Dev. Vers
0-99	6	0.20	62.39	38.74	1.33	0.47
100-199	15	0.50	176.97	18.04	1.47	0.62
200-299	53	1.76	270.27	20.83	1.43	0.57
300-399	78	2.59	360.26	19.44	1.56	0.76
400-499	95	3.15	450.59	15.24	1.49	0.65
500-599	141	4.68	557.24	29.61	1.50	0.63
600-699	132	4.38	649.35	23.07	1.55	0.63
700-799	205	6.80	737.43	5.57	1.43	0.61
800-899	322	10.68	864.93	34.92	1.44	0.63
900-999	117	3.88	963.69	0.00	1.39	0.60
1000-1099	145	4.81	1037.82	0.00	1.50	0.64
1100-1199	336	11.14	1149.90	37.05	1.37	0.57
1200-1299	89	2.95	1260.21	0.00	1.40	0.59
1300-1399	121	4.01	1334.34	0.00	1.40	0.55
1400-1499	326	10.81	1447.35	37.02	1.45	0.64
1500-1599	72	2.39	1556.73	0.00	1.29	0.48
1600-1699	113	3.75	1630.86	0.00	1.34	0.56
1700-1799	105	3.48	1748.76	36.45	1.36	0.59
1800-1899	129	4.28	1853.25	0.00	1.51	0.67
1900-1999	51	1.69	1927.38	0.00	1.49	0.57
2000-2099	141	4.68	2038.31	37.06	1.44	0.56
2100-2199	45	1.49	2149.77	0.00	1.44	0.50
2200-2299	130	4.31	2248.42	34.88	1.37	0.51
2300-2399	35	1.16	2372.16	0.00	1.40	0.60
2400-2499	13	0.43	2446.29	0.00	1.77	0.58

BOTTOMWEARS:

Price Range	No. Of Items	Perc. Of Items	Mean Price	Std. Dev. Price	Mean Vers	Std. Dev. Vers
100-199	2	0.10	139.36	1.48	1.00	0.00
200-299	15	0.74	263.90	25.55	1.67	0.87
300-399	18	0.89	366.86	13.89	1.67	0.67
400-499	31	1.54	457.26	8.86	1.68	0.64
500-599	42	2.09	553.56	28.30	1.45	0.70
600-699	38	1.89	655.13	14.24	1.45	0.64
700-799	93	4.62	736.62	6.62	1.41	0.68
800-899	160	7.94	871.03	32.10	1.41	0.61
900-999	49	2.43	963.69	0.00	1.55	0.73
1000-1099	75	3.72	1037.82	0.00	1.55	0.77
1100-1199	214	10.63	1149.01	37.06	1.38	0.60
1200-1299	62	3.08	1260.21	0.00	1.44	0.59
1300-1399	68	3.38	1334.34	0.00	1.40	0.57
1400-1499	249	12.36	1449.26	36.88	1.43	0.62
1500-1599	57	2.83	1556.73	0.00	1.44	0.59
1600-1699	93	4.62	1630.86	0.00	1.37	0.56
1700-1799	114	5.66	1744.66	36.97	1.25	0.46
1800-1899	156	7.75	1853.25	0.00	1.39	0.58
1900-1999	45	2.23	1927.38	0.00	1.40	0.61
2000-2099	113	5.61	2027.75	35.45	1.35	0.59
2100-2199	59	2.93	2149.77	0.00	1.42	0.56
2200-2299	189	9.38	2251.75	35.90	1.45	0.61
2300-2399	39	1.94	2372.16	0.00	1.41	0.54
2400-2499	33	1.64	2446.29	0.00	1.39	0.55


MAIN RESULT
Note: Execution time is in milliseconds and prices are in USD.

Budget	Alpha	Beta	ResultMain	ExecutionMain	NumTopMain	NumBottomMain	NumCompOutfitsMain	ResultRatio	ResultPseudo
1000.00	1.00	0.00	1.00	1.50	1	1	1	1.00	1.00
1500.00	1.00	0.00	2.00	3.26	2	2	2	2.00	1.00
2000.00	1.00	0.00	2.00	28.97	2	2	2	2.00	2.00
2500.00	1.00	0.00	3.00	3.18	3	3	3	3.00	3.00
3000.00	1.00	0.00	4.00	8.98	1	4	4	4.00	4.00
3500.00	1.00	0.00	5.00	2.55	1	5	5	4.00	5.00
4000.00	1.00	0.00	5.00	10.21	1	5	5	5.00	5.00
4500.00	1.00	0.00	6.00	23.10	1	6	6	5.00	6.00
5000.00	1.00	0.00	6.00	8.17	1	6	6	6.00	6.00
1000.00	0.75	0.25	2.00	4.25	1	1	1	1.75	2.00
1500.00	0.75	0.25	3.50	7.26	2	2	2	3.50	2.25
2000.00	0.75	0.25	3.50	7.58	2	2	2	3.50	3.50
2500.00	0.75	0.25	5.00	4.98	3	3	3	5.00	4.00
3000.00	0.75	0.25	7.00	4.20	4	4	4	7.00	5.25
3500.00	0.75	0.25	7.00	2.93	4	4	4	7.00	6.25
4000.00	0.75	0.25	8.50	4.76	4	5	5	8.50	6.25
4500.00	0.75	0.25	10.25	6.75	5	6	6	10.25	7.25
5000.00	0.75	0.25	10.50	5.64	5	6	6	10.50	7.25
1000.00	0.50	0.50	3.00	5.65	1	1	1	2.50	3.00
1500.00	0.50	0.50	5.00	8.10	2	2	2	5.00	3.50
2000.00	0.50	0.50	5.00	2.58	2	2	2	5.00	5.00
2500.00	0.50	0.50	8.00	3.47	3	3	3	8.00	5.00
3000.00	0.50	0.50	10.00	5.43	3	4	4	10.00	5.00
3500.00	0.50	0.50	11.50	2.90	4	4	4	11.50	5.00
4000.00	0.50	0.50	11.50	3.28	4	4	4	11.50	5.00
4500.00	0.50	0.50	14.50	10.58	5	5	5	14.50	8.50
5000.00	0.50	0.50	15.00	8.70	5	5	5	15.00	8.50
1000.00	0.25	0.75	4.00	1.71	1	1	1	3.25	4.00
1500.00	0.25	0.75	6.50	1.66	2	2	2	6.50	4.75
2000.00	0.25	0.75	6.50	5.20	2	2	2	6.50	5.50
2500.00	0.25	0.75	10.50	6.27	3	3	3	10.50	7.00
3000.00	0.25	0.75	13.00	2.18	3	4	4	13.00	7.00
3500.00	0.25	0.75	15.25	7.30	4	4	4	15.25	7.00
4000.00	0.25	0.75	15.25	4.37	4	4	4	15.25	7.00
4500.00	0.25	0.75	19.25	8.80	5	5	5	19.25	8.00
5000.00	0.25	0.75	20.00	11.26	5	5	5	20.00	8.00
1000.00	0.00	1.00	5.00	8.24	1	1	1	4.00	5.00
1500.00	0.00	1.00	8.00	1.56	2	2	2	8.00	6.00
2000.00	0.00	1.00	8.00	7.45	2	2	2	8.00	7.00
2500.00	0.00	1.00	14.00	5.57	3	3	3	14.00	9.00
3000.00	0.00	1.00	14.00	2.20	3	3	3	14.00	9.00
3500.00	0.00	1.00	19.00	7.41	4	4	4	19.00	9.00
4000.00	0.00	1.00	20.00	4.57	4	4	4	20.00	9.00
4500.00	0.00	1.00	24.00	12.55	5	5	5	24.00	10.00
5000.00	0.00	1.00	25.00	5.01	5	5	5	25.00	10.00
