50
16 42 36
4 1
8 5
13 19
1 5
12 6
12 8
4 12
6 3
5 17
9 5
3 14
7 3
2 17
11 16
1 7
4 19
6 9
4 12
4 15
8 12
3 14
2 9
6 16
6 13
4 13
7 14
6 12
4 14
2 11
5 12
7 11
1 11
1 15
1 9
3 10
3 15
2 13
5 11
5 9
7 9
1 16
3 12
2 14
2 12
8 11
6 10
3 11
4 16
8 15
8 13
7 15
8 10
2 16
2 15
5 16
3 16
1 10
4 10
16 19 31
9 17
2 1
8 2
10 20
13 5
1 15
2 20
3 19
11 9
6 8
11 14
1 4
11 2
11 18
12 15
10 17
8 12
1 10
8 13
7 16
1 9
5 10
6 15
4 14
6 16
4 12
3 16
3 11
5 13
7 10
2 14
1 15
3 13
7 12
8 9
16 21 56
5 15
2 16
10 7
12 7
13 14
9 3
3 17
3 19
1 12
12 20
9 17
8 10
6 13
1 11
9 10
13 9
2 14
8 16
3 10
7 14
1 11
1 13
2 11
1 10
2 12
3 14
2 9
2 13
7 10
4 16
8 13
8 10
6 14
8 15
5 16
3 16
1 9
16 41 18
11 17
8 19
13 3
1 5
5 3
6 2
11 11
7 7
7 20
7 20
3 5
12 11
1 10
5 14
3 3
11 19
4 10
7 16
3 10
6 15
3 9
7 11
5 16
2 15
8 10
7 10
4 13
1 10
7 9
6 12
3 12
8 13
6 14
4 9
2 10
6 16
5 15
7 15
1 13
8 9
1 12
4 14
1 15
3 15
4 11
1 16
3 14
4 15
5 14
2 11
2 12
6 9
2 14
3 13
4 12
2 9
7 13
16 45 4
1 12
8 10
13 14
5 19
7 8
12 1
7 20
3 1
1 5
4 9
2 8
3 11
5 9
7 5
10 1
3 5
4 13
1 15
8 14
5 9
3 14
7 14
2 16
6 10
2 9
6 9
2 10
8 10
6 14
8 13
1 16
6 11
7 13
5 12
8 12
4 9
4 11
8 15
3 16
6 16
4 10
6 15
3 15
2 15
5 10
1 10
3 13
2 13
8 16
7 15
4 14
1 12
3 11
1 9
2 14
7 10
2 11
5 11
1 14
8 9
5 14
16 14 53
4 8
7 2
13 1
7 15
10 18
1 4
11 13
7 2
6 20
6 9
13 5
1 7
3 11
9 8
1 4
6 4
3 12
2 9
5 15
4 10
8 9
3 9
7 14
8 12
8 15
3 16
1 9
4 9
2 12
3 15
16 42 31
5 6
2 5
6 1
2 9
5 11
8 4
8 13
9 8
10 4
2 4
7 8
5 10
2 6
3 4
11 9
6 18
2 16
2 10
5 15
1 13
6 15
3 9
3 11
6 12
7 13
5 12
1 16
4 11
2 15
6 14
4 16
1 12
7 15
4 10
6 9
5 9
3 15
5 10
3 13
8 14
6 13
1 14
7 11
1 15
3 12
8 12
7 10
2 12
6 11
6 10
8 11
8 9
5 13
1 9
2 9
8 13
4 14
2 13
16 3 22
8 1
8 4
10 10
5 20
3 20
13 4
2 2
11 13
4 14
4 10
9 19
6 11
2 15
3 2
8 14
8 10
2 14
3 13
4 9
16 14 24
12 16
1 20
1 9
3 15
5 11
6 15
9 16
4 2
7 20
3 19
12 9
6 13
5 10
10 9
7 11
8 4
5 9
3 9
8 14
7 16
6 12
2 16
1 10
5 14
3 15
6 14
7 9
5 10
4 9
8 9
16 46 22
13 17
3 7
2 8
5 5
2 7
3 3
6 5
8 16
2 14
4 2
12 3
6 12
10 9
11 3
6 8
4 13
1 15
3 10
5 13
3 14
5 9
7 10
4 9
4 11
8 15
3 9
4 13
6 16
7 16
7 11
7 13
7 15
6 14
8 11
3 16
3 15
1 9
3 13
4 16
1 14
5 12
2 14
1 13
1 12
2 11
3 11
5 10
4 12
2 12
8 9
2 9
6 11
2 13
3 12
7 14
6 15
2 15
8 14
8 10
2 16
1 11
5 11
16 21 19
5 13
10 1
3 20
8 12
5 10
9 6
10 6
6 11
4 10
2 7
7 15
3 1
1 14
3 2
12 9
7 12
5 11
7 15
7 12
7 9
7 16
8 13
3 13
5 14
3 12
2 14
6 12
3 15
8 11
2 13
1 16
5 9
3 16
5 16
5 15
8 15
2 15
16 39 13
6 13
13 13
7 15
3 2
6 3
4 17
10 9
10 3
10 17
4 12
8 17
4 6
9 7
9 10
9 15
13 9
5 16
3 16
2 13
8 12
1 10
5 10
7 14
4 10
6 11
1 16
3 14
1 15
6 10
2 12
2 10
3 9
5 15
2 14
3 15
5 14
7 16
6 16
4 12
2 16
7 11
7 9
4 11
6 13
8 15
1 9
3 10
2 15
7 15
8 13
6 12
3 11
2 9
1 13
5 11
16 17 37
13 13
7 9
2 18
13 10
7 2
8 1
1 9
8 12
9 14
5 1
4 11
10 20
10 19
10 5
13 8
3 6
4 11
5 10
5 12
1 11
1 10
2 10
5 14
8 9
3 14
3 12
4 14
3 13
7 15
3 16
3 10
8 10
5 9
16 13 1
5 9
4 4
5 8
1 15
8 12
1 2
7 11
3 4
2 13
12 2
2 14
3 17
4 16
11 20
13 1
8 13
4 9
1 14
7 15
2 11
2 12
7 10
6 16
1 13
7 11
4 11
2 15
8 10
7 13
16 42 36
7 6
13 9
11 4
4 15
3 16
12 14
5 9
10 7
13 7
1 18
5 17
12 12
13 13
9 14
5 16
1 18
1 13
5 16
8 11
3 12
5 10
2 10
2 14
3 15
7 13
4 12
6 11
8 10
7 14
6 10
7 11
8 9
1 16
3 11
3 10
8 12
2 16
2 11
8 16
1 15
6 15
8 13
6 16
3 16
1 14
1 10
4 13
7 16
4 15
3 14
4 9
2 9
7 15
5 14
7 10
4 10
6 9
8 14
16 53 17
12 1
13 12
13 14
8 19
10 7
2 7
4 18
3 15
8 9
2 5
10 19
12 16
13 5
4 7
7 18
13 11
8 10
7 16
5 15
8 14
7 13
4 12
4 13
3 12
1 12
3 16
1 16
5 14
6 10
8 13
6 15
1 15
6 9
7 10
4 10
6 11
2 9
5 16
6 14
1 11
1 13
1 9
4 14
4 16
8 9
3 9
8 11
5 9
5 13
3 14
5 11
4 11
6 13
2 10
4 15
3 11
8 16
2 16
5 10
2 14
6 12
2 15
6 16
8 15
8 12
5 12
2 12
3 13
2 11
16 48 43
10 15
1 8
1 19
2 11
10 15
9 4
9 19
2 2
4 14
1 15
11 7
9 6
8 17
5 10
13 4
4 18
2 15
1 13
2 11
6 16
7 10
1 15
1 12
7 16
6 9
5 12
8 12
4 13
6 15
2 13
8 10
2 12
5 14
2 9
4 12
1 11
8 15
5 10
3 15
1 16
6 12
3 16
6 14
8 14
5 15
4 16
4 14
8 11
7 12
7 14
7 11
4 15
3 12
3 13
1 14
4 11
8 13
2 10
3 10
3 9
8 9
5 11
3 14
6 10
16 29 42
2 11
3 6
2 5
12 4
10 10
7 10
2 15
1 11
9 5
11 19
3 4
1 14
11 12
1 12
7 19
8 4
1 16
6 12
3 9
4 11
3 15
5 12
5 14
1 13
3 13
8 13
7 12
4 10
4 15
7 15
5 11
7 10
2 15
1 14
6 13
3 12
6 10
5 16
6 9
7 13
2 11
3 10
4 12
1 10
6 14
16 39 51
7 3
3 2
10 3
13 18
4 4
12 18
11 4
3 4
2 20
7 7
9 6
11 1
11 18
10 11
2 2
7 2
4 16
8 16
1 12
3 13
3 14
7 14
5 13
4 15
7 9
3 16
2 15
8 14
5 10
3 11
7 11
5 12
6 12
1 9
7 10
8 10
2 13
2 9
2 14
2 16
3 12
7 13
4 11
6 9
5 16
4 12
6 11
1 10
1 11
8 13
1 14
3 15
2 10
8 9
8 11
16 2 8
11 13
3 11
13 16
3 7
11 10
11 4
13 11
12 7
11 2
10 3
7 3
9 6
12 13
11 9
4 10
5 4
6 10
5 14
16 43 62
11 1
6 14
6 12
4 17
7 2
8 11
8 11
12 12
10 16
10 3
6 19
2 13
12 19
13 3
2 13
1 8
3 16
8 12
8 11
6 14
6 9
4 15
1 14
1 15
2 15
1 12
7 10
7 15
2 9
7 12
3 10
6 16
5 14
5 10
7 11
1 16
5 9
2 12
2 13
6 11
4 13
2 10
4 9
1 10
8 9
5 13
6 10
1 13
3 14
6 15
3 15
6 13
4 14
1 9
8 16
3 12
7 14
5 16
7 9
16 4 47
3 5
12 17
4 13
3 15
8 20
8 1
12 15
13 2
3 3
10 2
10 7
11 10
12 9
2 14
4 5
9 3
3 13
2 13
8 11
4 10
16 8 48
7 16
7 2
1 12
13 12
6 11
8 8
13 5
6 2
8 19
11 11
10 13
10 1
9 13
1 17
11 14
1 12
4 9
5 10
6 16
2 12
5 12
2 9
3 16
1 16
16 31 34
10 4
2 10
8 19
6 12
5 15
9 15
3 10
9 7
13 17
9 11
13 7
8 4
10 14
6 12
12 7
7 10
3 14
6 13
5 13
3 11
2 9
8 16
3 12
1 11
3 9
6 16
6 9
5 12
2 15
6 12
7 13
4 9
5 11
1 16
1 13
5 16
8 14
6 10
2 12
6 15
6 14
7 12
1 12
6 11
3 10
4 14
4 10
16 49 44
9 14
12 14
3 4
11 17
12 8
4 3
5 18
4 8
4 7
9 12
7 6
5 19
8 8
12 13
12 18
2 14
4 13
5 11
4 9
7 10
7 11
5 10
8 9
7 16
4 16
2 16
8 13
5 13
6 11
7 9
1 15
7 14
3 14
8 10
6 9
6 15
2 14
5 9
3 15
4 10
8 11
6 16
5 12
3 10
6 14
4 14
3 16
5 15
2 15
1 10
8 16
2 13
5 14
6 13
2 11
1 9
2 10
4 12
1 16
3 12
7 13
8 15
6 12
4 11
1 14
16 30 10
12 9
5 1
13 12
2 13
3 12
4 15
10 7
1 9
6 6
5 13
9 13
13 8
12 18
1 17
8 11
13 2
6 12
5 13
4 12
5 11
3 11
3 10
8 12
2 13
8 15
5 10
1 15
2 11
8 10
6 11
4 13
4 9
1 12
4 14
4 10
2 14
5 9
6 13
7 10
1 10
1 11
1 9
7 9
7 14
3 12
5 16
16 24 34
11 9
11 16
13 4
5 12
2 15
5 14
11 2
4 19
9 7
5 4
1 8
12 5
12 14
3 5
2 3
2 8
6 11
7 14
5 14
3 16
3 13
6 12
4 10
8 12
1 16
5 15
1 10
8 11
6 10
8 9
3 10
5 12
7 15
7 12
7 16
2 16
6 15
1 9
2 15
6 14
16 57 10
12 4
11 14
3 8
13 20
6 6
3 1
4 8
5 13
9 18
9 4
5 14
6 12
3 9
11 9
4 13
3 15
8 10
5 12
3 11
6 9
7 12
7 14
4 9
1 12
8 12
8 15
6 15
6 12
4 12
5 10
2 9
7 9
1 9
5 15
2 12
1 15
8 16
2 15
4 11
5 11
2 14
4 13
8 14
6 14
5 16
6 13
7 15
6 11
3 14
2 10
7 16
5 14
1 14
8 9
3 16
7 11
2 13
2 11
1 13
3 13
3 10
6 10
4 14
5 9
1 11
4 16
2 16
7 13
1 16
4 10
6 16
7 10
8 13
16 43 63
12 16
11 18
8 8
10 14
10 7
9 5
4 6
7 7
4 13
3 16
6 2
11 19
2 8
9 17
5 2
7 11
3 12
7 12
3 9
1 14
6 12
5 10
6 9
7 14
6 15
5 15
2 9
6 10
1 13
1 12
1 9
5 13
4 13
4 9
4 15
6 11
4 11
2 15
8 11
4 16
7 9
3 13
8 12
3 15
7 11
3 16
1 15
8 14
5 14
2 13
1 11
5 12
8 13
4 10
4 14
1 10
5 9
1 16
4 12
16 16 52
10 19
10 5
11 2
7 14
3 15
12 16
1 2
7 18
13 6
2 19
12 8
2 8
3 3
8 2
6 5
2 9
2 9
5 15
1 10
2 10
2 11
8 15
5 13
7 14
1 9
7 9
5 12
6 11
4 10
2 16
8 12
5 10
16 33 24
13 5
7 18
4 7
7 7
5 10
2 6
11 13
13 7
8 5
7 11
6 7
12 11
11 16
5 4
8 17
11 11
1 13
7 11
4 13
7 12
5 10
1 9
2 15
3 11
7 9
1 15
3 13
6 11
3 15
6 10
2 16
8 13
2 12
2 9
1 14
8 16
2 10
6 9
6 16
6 12
3 12
4 10
3 10
5 14
2 11
1 11
4 9
4 16
3 9
16 24 24
13 2
1 18
7 10
8 12
9 3
2 18
2 20
13 1
5 5
12 16
8 6
7 20
11 9
7 10
3 20
10 8
4 11
2 12
3 13
8 15
5 9
3 10
2 11
6 9
3 12
2 9
2 10
2 16
6 10
8 9
4 10
3 11
7 11
1 9
6 16
7 16
1 16
5 11
7 15
6 12
16 46 63
3 13
4 3
9 9
3 19
1 6
2 3
3 15
9 5
3 8
7 6
7 4
6 14
12 11
7 7
10 13
4 19
2 15
5 11
7 13
8 15
1 11
4 16
3 12
1 9
6 16
6 12
7 16
8 9
5 9
2 12
1 16
1 13
3 16
4 14
6 11
5 15
6 14
1 10
2 11
6 10
3 10
2 16
8 12
3 9
1 14
8 13
7 15
4 9
4 10
3 14
4 13
1 15
1 12
4 15
6 15
3 13
5 13
7 10
5 14
3 15
8 11
4 12
16 32 50
10 14
3 3
4 18
4 14
10 16
1 14
2 11
5 6
7 14
5 13
5 20
4 14
9 6
3 5
13 12
12 20
8 13
4 9
5 10
2 15
8 14
7 10
4 12
2 12
5 14
1 12
3 11
3 13
1 16
2 11
4 10
8 15
7 16
3 16
8 16
1 13
7 9
1 10
7 11
3 14
2 9
5 9
2 13
5 15
4 15
1 11
3 15
2 16
16 44 44
8 12
13 1
13 9
7 1
6 12
10 8
11 7
6 20
8 1
13 15
3 8
11 15
7 12
11 19
13 10
1 17
7 11
6 13
4 14
7 13
4 12
2 12
6 11
1 12
2 16
4 11
8 13
5 14
3 13
3 9
7 10
4 13
1 9
6 12
7 9
5 10
1 10
5 11
8 9
2 9
8 12
2 13
3 12
1 16
6 14
6 10
8 11
2 14
3 15
3 10
7 15
3 11
8 15
5 13
6 16
4 15
6 9
4 10
4 9
1 14
16 9 61
5 17
13 16
2 10
12 13
10 19
6 1
1 5
4 7
1 4
1 15
8 9
2 5
9 18
9 3
1 4
7 6
4 11
5 14
8 15
3 9
8 13
6 14
6 12
7 12
5 13
16 33 52
13 8
7 11
7 20
12 20
13 1
11 19
11 17
10 5
7 6
9 19
7 1
12 5
3 13
11 14
9 6
12 14
2 12
5 15
6 9
7 16
1 13
1 15
3 15
6 12
2 9
3 10
2 15
4 15
8 14
3 11
4 13
5 9
8 12
7 10
1 9
2 14
3 13
5 10
4 12
3 16
1 10
8 11
4 10
6 15
6 13
8 10
6 16
1 14
6 14
16 31 34
11 13
6 20
8 14
5 18
12 1
4 14
9 3
2 15
1 15
7 11
3 6
7 8
9 2
1 20
1 6
10 19
4 13
3 11
1 16
5 16
3 9
5 15
6 13
4 15
8 16
8 14
7 16
7 13
6 15
8 15
7 12
7 9
6 14
5 10
3 14
2 10
3 10
1 10
6 9
2 16
6 10
4 9
4 12
4 10
3 15
3 16
8 13
16 20 52
8 19
7 19
3 1
11 19
4 4
2 19
3 11
10 17
7 9
2 7
3 16
13 20
3 18
5 15
9 19
10 12
6 14
5 9
4 9
7 15
5 14
6 13
6 16
6 11
7 9
2 11
4 14
2 16
4 10
2 12
1 10
4 13
7 12
1 9
5 11
8 14
16 57 6
13 2
8 10
2 20
5 20
12 6
11 2
3 4
6 16
3 16
3 11
5 18
1 13
2 14
12 16
10 11
9 11
5 14
3 13
3 15
5 9
8 12
6 9
7 12
5 15
7 13
1 9
4 13
3 16
5 11
1 13
7 10
5 12
1 15
2 11
2 14
4 9
6 14
8 16
7 15
4 11
8 10
2 16
3 9
3 12
8 11
4 12
7 16
6 15
6 10
3 11
7 11
8 14
2 10
8 9
1 10
6 12
1 14
4 16
1 16
2 13
2 12
2 9
7 14
1 12
3 10
6 11
2 15
1 11
8 13
6 13
4 14
5 16
7 9
16 23 1
1 14
10 9
3 6
9 11
9 7
9 16
10 19
7 4
2 18
13 9
8 15
2 10
9 19
3 13
10 3
13 8
1 10
2 12
3 14
3 12
8 13
3 9
6 15
4 10
1 14
7 9
3 10
6 14
1 11
6 13
5 11
8 11
6 9
4 16
1 15
7 14
7 15
5 16
3 15
16 13 61
6 13
7 2
11 11
2 12
3 3
12 8
12 11
11 9
10 5
13 16
7 6
10 13
5 11
10 1
3 20
8 4
4 13
2 9
5 9
8 16
2 12
1 15
5 12
7 16
6 16
2 14
8 13
8 14
6 12
16 2 9
1 4
10 15
3 12
10 5
2 8
2 1
13 16
13 2
2 8
1 20
11 18
4 9
4 9
8 2
8 16
2 15
4 11
3 13
16 63 27
6 5
3 7
10 17
8 10
7 10
8 4
11 2
5 1
8 17
11 3
8 7
4 14
10 20
7 8
8 18
8 15
6 14
1 16
1 13
5 10
1 10
2 10
5 9
8 15
3 13
7 13
8 9
8 10
2 12
7 9
4 11
8 11
6 16
4 15
2 15
7 11
5 14
4 13
3 16
3 10
4 9
7 12
4 10
6 10
3 15
5 16
5 12
4 12
3 9
2 13
5 11
8 12
1 14
8 16
2 9
1 11
2 16
6 11
6 13
8 14
6 9
7 15
1 9
4 14
8 13
5 13
7 16
2 11
3 14
1 15
4 16
6 12
3 11
2 14
3 12
7 10
5 15
1 12
7 14
16 23 4
7 4
12 6
12 8
7 16
3 16
2 13
5 11
4 2
3 4
2 6
13 16
12 20
1 13
5 5
6 7
1 3
5 11
4 13
7 10
5 9
3 14
6 11
5 15
2 11
8 9
6 12
6 13
1 15
2 13
4 16
7 14
6 10
4 9
5 16
7 15
6 16
1 11
1 13
8 15
16 11 60
8 9
2 20
13 10
3 2
10 18
10 13
2 16
4 18
1 4
6 6
11 12
2 19
13 17
12 12
6 10
12 18
7 9
5 16
3 9
2 15
3 13
7 11
5 15
8 16
3 11
6 13
6 12
20 55 65
6 7
7 6
8 11
5 14
7 13
9 4
6 9
12 4
9 8
11 6
2 20
9 9
11 8
5 15
11 1
3 19
13 18
13 13
11 6
8 1
8 13
10 17
7 15
3 18
6 20
7 11
8 17
2 16
1 13
6 18
9 15
2 20
3 16
3 20
4 11
3 13
10 13
6 12
7 16
5 18
5 20
3 12
10 18
2 17
5 14
2 18
6 16
6 13
10 11
9 14
10 20
3 15
5 13
4 17
3 19
5 12
3 17
7 20
2 15
4 15
7 19
8 15
7 17
4 19
1 17
2 12
1 16
9 12
6 19
10 14
9 18
1 18
7 14
9 20
8 11
20 61 8
9 3
3 10
5 4
4 3
10 13
12 4
11 12
2 13
6 11
7 10
9 17
3 7
8 4
13 19
13 19
11 4
3 12
8 18
8 8
4 11
7 12
10 15
7 13
5 14
1 12
4 16
9 14
8 15
8 12
3 14
10 11
9 13
9 17
1 18
9 12
7 16
2 15
1 16
8 20
4 20
5 19
9 19
4 13
1 19
7 15
7 20
8 18
3 16
6 17
8 17
5 16
1 17
4 17
7 19
7 14
5 20
2 16
5 15
10 17
4 15
3 12
10 16
2 12
7 11
1 20
5 17
10 14
4 11
8 16
3 18
4 14
2 17
9 18
6 18
8 19
10 20
3 20
6 14
1 15
3 19
1 11
20 69 72
7 6
13 1
8 18
8 4
9 3
11 15
5 3
10 10
12 7
2 9
3 20
6 20
4 3
2 17
3 19
5 11
13 12
6 5
5 6
10 13
10 19
3 20
1 11
7 18
5 13
7 14
5 14
7 12
2 15
2 13
10 13
7 11
10 16
3 11
8 15
1 20
3 16
4 16
9 13
5 17
9 14
2 18
9 18
1 19
6 14
1 17
2 20
6 12
1 14
10 11
4 15
3 17
6 15
3 15
7 17
7 13
8 12
8 13
4 11
9 20
9 15
2 17
2 11
3 19
4 14
2 16
5 16
5 18
4 13
1 18
8 11
4 12
4 17
10 17
3 12
6 13
7 16
10 14
8 17
4 20
6 19
1 16
5 19
6 11
1 12
6 16
5 20
7 20
2 14
20 31 27
8 4
12 20
2 16
2 11
6 10
10 2
3 10
8 5
6 6
8 14
1 20
8 16
8 19
8 4
9 4
4 12
4 12
3 11
11 16
7 2
1 18
4 15
4 12
2 19
8 20
1 16
10 13
2 13
1 14
5 18
1 11
9 14
4 16
5 16
10 11
7 13
10 19
6 12
9 18
7 18
6 20
5 14
2 11
6 15
7 11
9 12
2 18
5 15
3 20
10 15
8 11
